0.000000, 51.971261, 0.000000, 1.728605, 0.000000, 0.000000, 0.000000, 0.000000, 1.905000, 0.000000, 1000.000000, 0.000000, 0.000000, 1043.000000, 708.596978, 45572.202457
0.010000, 51.971255, 0.000000, 1.728680, 0.000000, -0.000000, 0.000000, 0.000000, 1.905000, 0.000000, 1000.000000, 0.520000, 0.000000, 1042.999966, 708.738208, 45581.381133
0.020000, 51.971249, 0.000000, 1.728753, 0.000000, -0.000001, 0.000000, 0.000000, 1.905000, 0.000000, 999.999999, 1.040000, 0.000000, 1042.999932, 708.738338, 45581.386925
0.030000, 51.971244, 0.000000, 1.728822, 0.000000, -0.000002, 0.000000, 0.000000, 1.904999, 0.000000, 999.999998, 1.560000, 0.000000, 1042.999898, 708.738463, 45581.392526
0.040000, 51.971239, 0.000000, 1.728887, 0.000000, -0.000003, 0.000000, 0.000000, 1.904998, 0.000000, 999.999996, 2.080000, 0.000000, 1042.999864, 708.738584, 45581.397942
0.050000, 51.971234, 0.000000, 1.728950, 0.000000, -0.000005, 0.000000, 0.000000, 1.904996, 0.000000, 999.999993, 2.600000, 0.000000, 1042.999830, 708.738702, 45581.403180
0.060000, 51.971230, 0.000000, 1.729009, 0.000000, -0.000008, 0.000000, 0.000000, 1.904993, 0.000000, 999.999989, 3.120000, 0.000000, 1042.999796, 708.738815, 45581.408246
0.070000, 51.971225, 0.000000, 1.729064, 0.000000, -0.000010, 0.000000, 0.000000, 1.904989, 0.000000, 999.999985, 3.639999, 0.000000, 1042.999762, 708.738925, 45581.413146
0.080000, 51.971221, 0.000000, 1.729116, 0.000000, -0.000013, 0.000000, 0.000000, 1.904983, 0.000000, 999.999980, 4.159999, 0.000000, 1042.999728, 708.739031, 45581.417884
0.090000, 51.971217, 0.000000, 1.729164, 0.000000, -0.000017, 0.000000, 0.000000, 1.904975, 0.000000, 999.999975, 4.679999, 0.000000, 1042.999694, 708.739133, 45581.422467
0.100000, 51.971213, 0.000000, 1.729209, 0.000000, -0.000020, 0.000000, 0.000000, 1.904966, 0.000000, 999.999969, 5.199999, 0.000000, 1042.999660, 708.739232, 45581.426896
0.110000, 51.971209, 0.000000, 1.729250, 0.000000, -0.000024, 0.000000, 0.000000, 1.904954, 0.000000, 999.999963, 5.719998, 0.000000, 1042.999626, 708.739328, 45581.431177
0.120000, 51.971206, 0.000000, 1.729288, 0.000000, -0.000027, 0.000000, 0.000000, 1.904941, 0.000000, 999.999956, 6.239998, 0.000000, 1042.999593, 708.739420, 45581.435312
0.130000, 51.971203, 0.000000, 1.729322, 0.000000, -0.000031, 0.000000, 0.000000, 1.904925, 0.000000, 999.999949, 6.759998, 0.000000, 1042.999559, 708.739510, 45581.439303
0.140000, 51.971200, 0.000000, 1.729353, 0.000000, -0.000035, 0.000000, 0.000000, 1.904907, 0.000000, 999.999941, 7.279997, 0.000000, 1042.999525, 708.739596, 45581.443154
0.150000, 51.971197, 0.000000, 1.729380, 0.000000, -0.000039, 0.000000, 0.000000, 1.904887, 0.000000, 999.999932, 7.799997, 0.000000, 1042.999491, 708.739678, 45581.446866
0.160000, 51.971194, 0.000000, 1.729405, 0.000000, -0.000043, 0.000000, 0.000000, 1.904865, 0.000000, 999.999924, 8.319997, 0.000000, 1042.999457, 708.739758, 45581.450441
0.170000, 51.971192, 0.000000, 1.729426, 0.000000, -0.000047, 0.000000, 0.000000, 1.904840, 0.000000, 999.999914, 8.839996, 0.000000, 1042.999423, 708.739835, 45581.453879
0.180000, 51.971189, 0.000000, 1.729445, 0.000000, -0.000052, 0.000000, 0.000000, 1.904813, 0.000000, 999.999905, 9.359996, 0.000000, 1042.999389, 708.739909, 45581.457182
0.190000, 51.971187, 0.000000, 1.729460, 0.000000, -0.000056, 0.000000, 0.000000, 1.904783, 0.000000, 999.999895, 9.879995, 0.000000, 1042.999355, 708.739979, 45581.460349
0.200000, 51.971185, 0.000000, 1.729473, 0.000000, -0.000060, 0.000000, 0.000000, 1.904751, 0.000000, 999.999884, 10.399995, 0.000000, 1042.999321, 708.740047, 45581.463381
0.210000, 51.971183, 0.000000, 1.729484, 0.000000, -0.000064, 0.000000, 0.000000, 1.904717, 0.000000, 999.999873, 10.919995, 0.000000, 1042.999287, 708.740112, 45581.466279
0.220000, 51.971182, 0.000000, 1.729492, 0.000000, -0.000068, 0.000000, 0.000000, 1.904680, 0.000000, 999.999862, 11.439994, 0.000000, 1042.999253, 708.740173, 45581.469041
0.230000, 51.971180, 0.000000, 1.729497, 0.000000, -0.000072, 0.000000, 0.000000, 1.904641, 0.000000, 999.999850, 11.959994, 0.000000, 1042.999219, 708.740232, 45581.471667
0.240000, 51.971179, 0.000000, 1.729501, 0.000000, -0.000075, 0.000000, 0.000000, 1.904600, 0.000000, 999.999838, 12.479993, 0.000000, 1042.999185, 708.740287, 45581.474156
0.250000, 51.971177, 0.000000, 1.729502, 0.000000, -0.000079, 0.000000, 0.000000, 1.904557, 0.000000, 999.999825, 12.999993, 0.000000, 1042.999151, 708.740339, 45581.476507
0.260000, 51.971176, 0.000000, 1.729501, 0.000000, -0.000083, 0.000000, 0.000000, 1.904512, 0.000000, 999.999812, 13.519992, 0.000000, 1042.999117, 708.740388, 45581.478718
0.270000, 51.971175, 0.000000, 1.729499, 0.000000, -0.000086, 0.000000, 0.000000, 1.904465, 0.000000, 999.999799, 14.039991, 0.000000, 1042.999083, 708.740434, 45581.480790
0.280000, 51.971175, 0.000000, 1.729495, 0.000000, -0.000089, 0.000000, 0.000000, 1.904415, 0.000000, 999.999785, 14.559991, 0.000000, 1042.999049, 708.740477, 45581.482719
0.290000, 51.971174, 0.000000, 1.729490, 0.000000, -0.000092, 0.000000, 0.000000, 1.904364, 0.000000, 999.999771, 15.079990, 0.000000, 1042.999015, 708.740517, 45581.484504
0.300000, 51.971173, 0.000000, 1.729483, 0.000000, -0.000095, 0.000000, 0.000000, 1.904311, 0.000000, 999.999756, 15.599990, 0.000000, 1042.998981, 708.740553, 45581.486145
0.310000, 51.971173, 0.000000, 1.729475, 0.000000, -0.000098, 0.000000, 0.000000, 1.904257, 0.000000, 999.999741, 16.119989, 0.000000, 1042.998947, 708.740586, 45581.487638
0.320000, 51.971173, 0.000000, 1.729466, 0.000000, -0.000101, 0.000000, 0.000000, 1.904200, 0.000000, 999.999725, 16.639989, 0.000000, 1042.998913, 708.740616, 45581.488982
0.330000, 51.971172, 0.000000, 1.729456, 0.000000, -0.000103, 0.000000, 0.000000, 1.904143, 0.000000, 999.999710, 17.159988, 0.000000, 1042.998879, 708.740642, 45581.490175
0.340000, 51.971172, 0.000000, 1.729445, 0.000000, -0.000106, 0.000000, 0.000000, 1.904084, 0.000000, 999.999693, 17.679987, 0.000000, 1042.998845, 708.740665, 45581.491215
0.350000, 51.971172, 0.000000, 1.729433, 0.000000, -0.000108, 0.000000, 0.000000, 1.904023, 0.000000, 999.999677, 18.199987, 0.000000, 1042.998811, 708.740684, 45581.492100
0.360000, 51.971172, 0.000000, 1.729421, 0.000000, -0.000110, 0.000000, 0.000000, 1.903961, 0.000000, 999.999659, 18.719986, 0.000000, 1042.998778, 708.740700, 45581.492827
0.370000, 51.971173, 0.000000, 1.729408, 0.000000, -0.000112, 0.000000, 0.000000, 1.903898, 0.000000, 999.999642, 19.239986, 0.000000, 1042.998744, 708.740712, 45581.493396
0.380000, 51.971173, 0.000000, 1.729395, 0.000000, -0.000113, 0.000000, 0.000000, 1.903834, 0.000000, 999.999624, 19.759985, 0.000000, 1042.998710, 708.740721, 45581.493804
0.390000, 51.971174, 0.000000, 1.729381, 0.000000, -0.000115, 0.000000, 0.000000, 1.903769, 0.000000, 999.999605, 20.279984, 0.000000, 1042.998676, 708.740726, 45581.494049
0.400000, 51.971174, 0.000000, 1.729367, 0.000000, -0.000116, 0.000000, 0.000000, 1.903703, 0.000000, 999.999586, 20.799984, 0.000000, 1042.998642, 708.740727, 45581.494128
0.410000, 51.971175, 0.000000, 1.729353, 0.000000, -0.000118, 0.000000, 0.000000, 1.903637, 0.000000, 999.999567, 21.319983, 0.000000, 1042.998608, 708.740724, 45581.494041
0.420000, 51.971175, 0.000000, 1.729339, 0.000000, -0.000119, 0.000000, 0.000000, 1.903569, 0.000000, 999.999547, 21.839983, 0.000000, 1042.998574, 708.740718, 45581.493784
0.430000, 51.971176, 0.000000, 1.729325, 0.000000, -0.000120, 0.000000, 0.000000, 1.903501, 0.000000, 999.999527, 22.359982, 0.000000, 1042.998540, 708.740708, 45581.493357
0.440000, 51.971177, 0.000000, 1.729311, 0.000000, -0.000121, 0.000000, 0.000000, 1.903433, 0.000000, 999.999506, 22.879981, 0.000000, 1042.998506, 708.740694, 45581.492757
0.450000, 51.971178, 0.000000, 1.729297, 0.000000, -0.000121, 0.000000, 0.000000, 1.903364, 0.000000, 999.999484, 23.399981, 0.000000, 1042.998472, 708.740676, 45581.491983
0.460000, 51.971179, 0.000000, 1.729284, 0.000000, -0.000122, 0.000000, 0.000000, 1.903294, 0.000000, 999.999463, 23.919980, 0.000000, 1042.998438, 708.740654, 45581.491034
0.470000, 51.971181, 0.000000, 1.729270, 0.000000, -0.000122, 0.000000, 0.000000, 1.903224, 0.000000, 999.999440, 24.439980, 0.000000, 1042.998404, 708.740628, 45581.489906
0.480000, 51.971182, 0.000000, 1.729257, 0.000000, -0.000123, 0.000000, 0.000000, 1.903154, 0.000000, 999.999418, 24.959979, 0.000000, 1042.998370, 708.740598, 45581.488599
0.490000, 51.971183, 0.000000, 1.729244, 0.000000, -0.000123, 0.000000, 0.000000, 1.903084, 0.000000, 999.999394, 25.479978, 0.000000, 1042.998336, 708.740564, 45581.487112
0.500000, 51.971185, 0.000000, 1.729232, 0.000000, -0.000123, 0.000000, 0.000000, 1.903014, 0.000000, 999.999370, 25.999978, 0.000000, 1042.998302, 708.740526, 45581.485443
0.510000, 51.971186, 0.000000, 1.729220, 0.000000, -0.000123, 0.000000, 0.000000, 1.902943, 0.000000, 999.999346, 26.519977, 0.000000, 1042.998268, 708.740484, 45581.483591
0.520000, 51.971188, 0.000000, 1.729208, 0.000000, -0.000123, 0.000000, 0.000000, 1.902873, 0.000000, 999.999321, 27.039977, 0.000000, 1042.998234, 708.740437, 45581.481555
0.530000, 51.971190, 0.000000, 1.729197, 0.000000, -0.000123, 0.000000, 0.000000, 1.902802, 0.000000, 999.999296, 27.559976, 0.000000, 1042.998200, 708.740387, 45581.479333
0.540000, 51.971192, 0.000000, 1.729187, 0.000000, -0.000123, 0.000000, 0.000000, 1.902732, 0.000000, 999.999270, 28.079976, 0.000000, 1042.998166, 708.740332, 45581.476925
0.550000, 51.971194, 0.000000, 1.729176, 0.000000, -0.000123, 0.000000, 0.000000, 1.902661, 0.000000, 999.999244, 28.599975, 0.000000, 1042.998132, 708.740273, 45581.474329
0.560000, 51.971196, 0.000000, 1.729167, 0.000000, -0.000122, 0.000000, 0.000000, 1.902591, 0.000000, 999.999217, 29.119975, 0.000000, 1042.998098, 708.740210, 45581.471545
0.570000, 51.971198, 0.000000, 1.729158, 0.000000, -0.000122, 0.000000, 0.000000, 1.902521, 0.000000, 999.999189, 29.639974, 0.000000, 1042.998064, 708.740142, 45581.468572
0.580000, 51.971200, 0.000000, 1.729149, 0.000000, -0.000122, 0.000000, 0.000000, 1.902451, 0.000000, 999.999161, 30.159974, 0.000000, 1042.998030, 708.740071, 45581.465409
0.590000, 51.971202, 0.000000, 1.729141, 0.000000, -0.000121, 0.000000, 0.000000, 1.902381, 0.000000, 999.999132, 30.679973, 0.000000, 1042.997996, 708.739995, 45581.462056
0.600000, 51.971205, 0.000000, 1.729134, 0.000000, -0.000121, 0.000000, 0.000000, 1.902312, 0.000000, 999.999103, 31.199973, 0.000000, 1042.997963, 708.739915, 45581.458512
0.610000, 51.971207, 0.000000, 1.729127, 0.000000, -0.000120, 0.000000, 0.000000, 1.902243, 0.000000, 999.999074, 31.719973, 0.000000, 1042.997929, 708.739830, 45581.454776
0.620000, 51.971210, 0.000000, 1.729121, 0.000000, -0.000120, 0.000000, 0.000000, 1.902174, 0.000000, 999.999043, 32.239972, 0.000000, 1042.997895, 708.739741, 45581.450849
0.630000, 51.971212, 0.000000, 1.729115, 0.000000, -0.000119, 0.000000, 0.000000, 1.902105, 0.000000, 999.999013, 32.759972, 0.000000, 1042.997861, 708.739648, 45581.446729
0.640000, 51.971215, 0.000000, 1.729110, 0.000000, -0.000118, 0.000000, 0.000000, 1.902037, 0.000000, 999.998981, 33.279972, 0.000000, 1042.997827, 708.739550, 45581.442418
0.650000, 51.971218, 0.000000, 1.729105, 0.000000, -0.000118, 0.000000, 0.000000, 1.901969, 0.000000, 999.998949, 33.799971, 0.000000, 1042.997793, 708.739449, 45581.437913
0.660000, 51.971221, 0.000000, 1.729101, 0.000000, -0.000117, 0.000000, 0.000000, 1.901902, 0.000000, 999.998917, 34.319971, 0.000000, 1042.997759, 708.739342, 45581.433217
0.670000, 51.971224, 0.000000, 1.729097, 0.000000, -0.000117, 0.000000, 0.000000, 1.901835, 0.000000, 999.998884, 34.839971, 0.000000, 1042.997725, 708.739232, 45581.428327
0.680000, 51.971227, 0.000000, 1.729094, 0.000000, -0.000116, 0.000000, 0.000000, 1.901768, 0.000000, 999.998850, 35.359971, 0.000000, 1042.997691, 708.739117, 45581.423245
0.690000, 51.971230, 0.000000, 1.729091, 0.000000, -0.000115, 0.000000, 0.000000, 1.901701, 0.000000, 999.998816, 35.879970, 0.000000, 1042.997657, 708.738998, 45581.417970
0.700000, 51.971233, 0.000000, 1.729088, 0.000000, -0.000115, 0.000000, 0.000000, 1.901635, 0.000000, 999.998781, 36.399970, 0.000000, 1042.997623, 708.738874, 45581.412502
0.710000, 51.971237, 0.000000, 1.729086, 0.000000, -0.000114, 0.000000, 0.000000, 1.901570, 0.000000, 999.998745, 36.919970, 0.000000, 1042.997589, 708.738747, 45581.406842
0.720000, 51.971240, 0.000000, 1.729085, 0.000000, -0.000113, 0.000000, 0.000000, 1.901504, 0.000000, 999.998710, 37.439970, 0.000000, 1042.997555, 708.738614, 45581.400990
0.730000, 51.971244, 0.000000, 1.729083, 0.000000, -0.000113, 0.000000, 0.000000, 1.901440, 0.000000, 999.998673, 37.959970, 0.000000, 1042.997521, 708.738478, 45581.394946
0.740000, 51.971247, 0.000000, 1.729083, 0.000000, -0.000112, 0.000000, 0.000000, 1.901375, 0.000000, 999.998636, 38.479970, 0.000000, 1042.997487, 708.738337, 45581.388710
0.750000, 51.971251, 0.000000, 1.729082, 0.000000, -0.000112, 0.000000, 0.000000, 1.901311, 0.000000, 999.998598, 38.999970, 0.000000, 1042.997453, 708.738192, 45581.382282
0.760000, 51.971255, 0.000000, 1.729082, 0.000000, -0.000111, 0.000000, 0.000000, 1.901247, 0.000000, 999.998560, 39.519970, 0.000000, 1042.997419, 708.738043, 45581.375664
0.770000, 51.971259, 0.000000, 1.729082, 0.000000, -0.000110, 0.000000, 0.000000, 1.901183, 0.000000, 999.998521, 40.039970, 0.000000, 1042.997385, 708.737889, 45581.368854
0.780000, 51.971263, 0.000000, 1.729082, 0.000000, -0.000110, 0.000000, 0.000000, 1.901120, 0.000000, 999.998482, 40.559970, 0.000000, 1042.997351, 708.737731, 45581.361854
0.790000, 51.971267, 0.000000, 1.729083, 0.000000, -0.000109, 0.000000, 0.000000, 1.901057, 0.000000, 999.998442, 41.079971, 0.000000, 1042.997317, 708.737569, 45581.354665
0.800000, 51.971271, 0.000000, 1.729083, 0.000000, -0.000109, 0.000000, 0.000000, 1.900994, 0.000000, 999.998401, 41.599971, 0.000000, 1042.997283, 708.737402, 45581.347285
0.810000, 51.971276, 0.000000, 1.729084, 0.000000, -0.000108, 0.000000, 0.000000, 1.900932, 0.000000, 999.998360, 42.119971, 0.000000, 1042.997249, 708.737231, 45581.339717
0.820000, 51.971280, 0.000000, 1.729086, 0.000000, -0.000108, 0.000000, 0.000000, 1.900870, 0.000000, 999.998318, 42.639971, 0.000000, 1042.997215, 708.737056, 45581.331960
0.830000, 51.971285, 0.000000, 1.729087, 0.000000, -0.000108, 0.000000, 0.000000, 1.900808, 0.000000, 999.998276, 43.159972, 0.000000, 1042.997181, 708.736877, 45581.324014
0.840000, 51.971289, 0.000000, 1.729088, 0.000000, -0.000107, 0.000000, 0.000000, 1.900746, 0.000000, 999.998233, 43.679972, 0.000000, 1042.997148, 708.736694, 45581.315881
0.850000, 51.971294, 0.000000, 1.729090, 0.000000, -0.000107, 0.000000, 0.000000, 1.900685, 0.000000, 999.998190, 44.199973, 0.000000, 1042.997114, 708.736506, 45581.307561
0.860000, 51.971299, 0.000000, 1.729092, 0.000000, -0.000106, 0.000000, 0.000000, 1.900624, 0.000000, 999.998146, 44.719973, 0.000000, 1042.997080, 708.736314, 45581.299054
0.870000, 51.971304, 0.000000, 1.729094, 0.000000, -0.000106, 0.000000, 0.000000, 1.900563, 0.000000, 999.998101, 45.239974, 0.000000, 1042.997046, 708.736118, 45581.290361
0.880000, 51.971309, 0.000000, 1.729095, 0.000000, -0.000106, 0.000000, 0.000000, 1.900502, 0.000000, 999.998056, 45.759974, 0.000000, 1042.997012, 708.735918, 45581.281481
0.890000, 51.971314, 0.000000, 1.729097, 0.000000, -0.000105, 0.000000, 0.000000, 1.900441, 0.000000, 999.998010, 46.279975, 0.000000, 1042.996978, 708.735713, 45581.272417
0.900000, 51.971319, 0.000000, 1.729099, 0.000000, -0.000105, 0.000000, 0.000000, 1.900381, 0.000000, 999.997964, 46.799976, 0.000000, 1042.996944, 708.735505, 45581.263168
0.910000, 51.971325, 0.000000, 1.729102, 0.000000, -0.000105, 0.000000, 0.000000, 1.900321, 0.000000, 999.997917, 47.319976, 0.000000, 1042.996910, 708.735292, 45581.253734
0.920000, 51.971330, 0.000000, 1.729104, 0.000000, -0.000105, 0.000000, 0.000000, 1.900260, 0.000000, 999.997870, 47.839977, 0.000000, 1042.996876, 708.735075, 45581.244117
0.930000, 51.971336, 0.000000, 1.729106, 0.000000, -0.000105, 0.000000, 0.000000, 1.900200, 0.000000, 999.997822, 48.359978, 0.000000, 1042.996842, 708.734854, 45581.234316
0.940000, 51.971341, 0.000000, 1.729108, 0.000000, -0.000104, 0.000000, 0.000000, 1.900140, 0.000000, 999.997773, 48.879979, 0.000000, 1042.996808, 708.734629, 45581.224332
0.950000, 51.971347, 0.000000, 1.729110, 0.000000, -0.000104, 0.000000, 0.000000, 1.900081, 0.000000, 999.997724, 49.399980, 0.000000, 1042.996774, 708.734400, 45581.214166
0.960000, 51.971353, 0.000000, 1.729112, 0.000000, -0.000104, 0.000000, 0.000000, 1.900021, 0.000000, 999.997674, 49.919981, 0.000000, 1042.996740, 708.734167, 45581.203818
0.970000, 51.971359, 0.000000, 1.729114, 0.000000, -0.000104, 0.000000, 0.000000, 1.899961, 0.000000, 999.997624, 50.439982, 0.000000, 1042.996706, 708.733930, 45581.193289
0.980000, 51.971365, 0.000000, 1.729116, 0.000000, -0.000104, 0.000000, 0.000000, 1.899902, 0.000000, 999.997573, 50.959983, 0.000000, 1042.996672, 708.733688, 45581.182578
0.990000, 51.971371, 0.000000, 1.729118, 0.000000, -0.000104, 0.000000, 0.000000, 1.899842, 0.000000, 999.997522, 51.479984, 0.000000, 1042.996638, 708.733443, 45581.171687
1.000000, 51.971377, 0.000000, 1.729120, 0.000000, -0.000104, 0.000000, 0.000000, 1.899783, 0.000000, 999.997470, 51.999986, 0.000000, 1042.996604, 708.733193, 45581.160615
1.010000, 51.971384, 0.000000, 1.729122, 0.000000, -0.000104, 0.000000, 0.000000, 1.899723, 0.000000, 999.997418, 52.519987, 0.000000, 1042.996570, 708.732939, 45581.149364
1.020000, 51.971390, 0.000000, 1.729124, 0.000000, -0.000104, 0.000000, 0.000000, 1.899664, 0.000000, 999.997365, 53.039988, 0.000000, 1042.996536, 708.732682, 45581.137933
1.030000, 51.971397, 0.000000, 1.729125, 0.000000, -0.000104, 0.000000, 0.000000, 1.899604, 0.000000, 999.997311, 53.559990, 0.000000, 1042.996502, 708.732420, 45581.126323
1.040000, 51.971403, 0.000000, 1.729127, 0.000000, -0.000104, 0.000000, 0.000000, 1.899545, 0.000000, 999.997257, 54.079991, 0.000000, 1042.996468, 708.732154, 45581.114535
1.050000, 51.971410, 0.000000, 1.729129, 0.000000, -0.000104, 0.000000, 0.000000, 1.899486, 0.000000, 999.997202, 54.599993, 0.000000, 1042.996434, 708.731885, 45581.102568
1.060000, 51.971417, 0.000000, 1.729130, 0.000000, -0.000104, 0.000000, 0.000000, 1.899426, 0.000000, 999.997147, 55.119995, 0.000000, 1042.996400, 708.731611, 45581.090423
1.070000, 51.971424, 0.000000, 1.729131, 0.000000, -0.000104, 0.000000, 0.000000, 1.899367, 0.000000, 999.997091, 55.639996, 0.000000, 1042.996366, 708.731333, 45581.078100
1.080000, 51.971431, 0.000000, 1.729133, 0.000000, -0.000104, 0.000000, 0.000000, 1.899308, 0.000000, 999.997035, 56.159998, 0.000000, 1042.996333, 708.731052, 45581.065601
1.090000, 51.971438, 0.000000, 1.729134, 0.000000, -0.000104, 0.000000, 0.000000, 1.899248, 0.000000, 999.996978, 56.680000, 0.000000, 1042.996299, 708.730766, 45581.052924
1.100000, 51.971445, 0.000000, 1.729135, 0.000000, -0.000104, 0.000000, 0.000000, 1.899189, 0.000000, 999.996921, 57.200002, 0.000000, 1042.996265, 708.730476, 45581.040070
1.110000, 51.971453, 0.000000, 1.729136, 0.000000, -0.000104, 0.000000, 0.000000, 1.899129, 0.000000, 999.996863, 57.720004, 0.000000, 1042.996231, 708.730183, 45581.027040
1.120000, 51.971460, 0.000000, 1.729137, 0.000000, -0.000104, 0.000000, 0.000000, 1.899070, 0.000000, 999.996804, 58.240006, 0.000000, 1042.996197, 708.729885, 45581.013834
1.130000, 51.971468, 0.000000, 1.729138, 0.000000, -0.000104, 0.000000, 0.000000, 1.899011, 0.000000, 999.996745, 58.760008, 0.000000, 1042.996163, 708.729584, 45581.000452
1.140000, 51.971475, 0.000000, 1.729139, 0.000000, -0.000104, 0.000000, 0.000000, 1.898951, 0.000000, 999.996685, 59.280010, 0.000000, 1042.996129, 708.729278, 45580.986894
1.150000, 51.971483, 0.000000, 1.729140, 0.000000, -0.000104, 0.000000, 0.000000, 1.898892, 0.000000, 999.996625, 59.800013, 0.000000, 1042.996095, 708.728969, 45580.973161
1.160000, 51.971491, 0.000000, 1.729141, 0.000000, -0.000104, 0.000000, 0.000000, 1.898832, 0.000000, 999.996565, 60.320015, 0.000000, 1042.996061, 708.728656, 45580.959253
1.170000, 51.971499, 0.000000, 1.729141, 0.000000, -0.000104, 0.000000, 0.000000, 1.898773, 0.000000, 999.996503, 60.840018, 0.000000, 1042.996027, 708.728338, 45580.945169
1.180000, 51.971507, 0.000000, 1.729142, 0.000000, -0.000104, 0.000000, 0.000000, 1.898713, 0.000000, 999.996442, 61.360020, 0.000000, 1042.995993, 708.728017, 45580.930911
1.190000, 51.971515, 0.000000, 1.729142, 0.000000, -0.000104, 0.000000, 0.000000, 1.898653, 0.000000, 999.996379, 61.880023, 0.000000, 1042.995959, 708.727692, 45580.916479
1.200000, 51.971524, 0.000000, 1.729143, 0.000000, -0.000104, 0.000000, 0.000000, 1.898594, 0.000000, 999.996316, 62.400026, 0.000000, 1042.995925, 708.727363, 45580.901872
1.210000, 51.971532, 0.000000, 1.729143, 0.000000, -0.000104, 0.000000, 0.000000, 1.898534, 0.000000, 999.996253, 62.920028, 0.000000, 1042.995891, 708.727030, 45580.887092
1.220000, 51.971540, 0.000000, 1.729143, 0.000000, -0.000104, 0.000000, 0.000000, 1.898474, 0.000000, 999.996189, 63.440031, 0.000000, 1042.995857, 708.726693, 45580.872137
1.230000, 51.971549, 0.000000, 1.729144, 0.000000, -0.000104, 0.000000, 0.000000, 1.898415, 0.000000, 999.996124, 63.960034, 0.000000, 1042.995823, 708.726352, 45580.857009
1.240000, 51.971558, 0.000000, 1.729144, 0.000000, -0.000104, 0.000000, 0.000000, 1.898355, 0.000000, 999.996059, 64.480037, 0.000000, 1042.995789, 708.726007, 45580.841707
1.250000, 51.971566, 0.000000, 1.729144, 0.000000, -0.000104, 0.000000, 0.000000, 1.898295, 0.000000, 999.995994, 65.000040, 0.000000, 1042.995755, 708.725659, 45580.826232
1.260000, 51.971575, 0.000000, 1.729144, 0.000000, -0.000104, 0.000000, 0.000000, 1.898235, 0.000000, 999.995928, 65.520044, 0.000000, 1042.995721, 708.725306, 45580.810584
1.270000, 51.971584, 0.000000, 1.729144, 0.000000, -0.000105, 0.000000, 0.000000, 1.898175, 0.000000, 999.995861, 66.040047, 0.000000, 1042.995687, 708.724950, 45580.794762
1.280000, 51.971593, 0.000000, 1.729144, 0.000000, -0.000105, 0.000000, 0.000000, 1.898115, 0.000000, 999.995794, 66.560050, 0.000000, 1042.995653, 708.724590, 45580.778768
1.290000, 51.971603, 0.000000, 1.729144, 0.000000, -0.000105, 0.000000, 0.000000, 1.898055, 0.000000, 999.995726, 67.080054, 0.000000, 1042.995619, 708.724226, 45580.762602
1.300000, 51.971612, 0.000000, 1.729144, 0.000000, -0.000105, 0.000000, 0.000000, 1.897996, 0.000000, 999.995658, 67.600058, 0.000000, 1042.995585, 708.723858, 45580.746263
1.310000, 51.971621, 0.000000, 1.729144, 0.000000, -0.000105, 0.000000, 0.000000, 1.897936, 0.000000, 999.995589, 68.120061, 0.000000, 1042.995551, 708.723486, 45580.729751
1.320000, 51.971631, 0.000000, 1.729144, 0.000000, -0.000105, 0.000000, 0.000000, 1.897876, 0.000000, 999.995519, 68.640065, 0.000000, 1042.995518, 708.723110, 45580.713067
1.330000, 51.971640, 0.000000, 1.729143, 0.000000, -0.000105, 0.000000, 0.000000, 1.897816, 0.000000, 999.995449, 69.160069, 0.000000, 1042.995484, 708.722730, 45580.696212
1.340000, 51.971650, 0.000000, 1.729143, 0.000000, -0.000105, 0.000000, 0.000000, 1.897756, 0.000000, 999.995379, 69.680073, 0.000000, 1042.995450, 708.722347, 45580.679184
1.350000, 51.971660, 0.000000, 1.729143, 0.000000, -0.000105, 0.000000, 0.000000, 1.897696, 0.000000, 999.995308, 70.200077, 0.000000, 1042.995416, 708.721959, 45580.661985
1.360000, 51.971669, 0.000000, 1.729143, 0.000000, -0.000105, 0.000000, 0.000000, 1.897636, 0.000000, 999.995236, 70.720081, 0.000000, 1042.995382, 708.721568, 45580.644614
1.370000, 51.971679, 0.000000, 1.729142, 0.000000, -0.000105, 0.000000, 0.000000, 1.897576, 0.000000, 999.995164, 71.240085, 0.000000, 1042.995348, 708.721173, 45580.627072
1.380000, 51.971689, 0.000000, 1.729142, 0.000000, -0.000105, 0.000000, 0.000000, 1.897516, 0.000000, 999.995092, 71.760090, 0.000000, 1042.995314, 708.720774, 45580.609359
1.390000, 51.971699, 0.000000, 1.729142, 0.000000, -0.000105, 0.000000, 0.000000, 1.897456, 0.000000, 999.995019, 72.280094, 0.000000, 1042.995280, 708.720371, 45580.591475
1.400000, 51.971710, 0.000000, 1.729142, 0.000000, -0.000105, 0.000000, 0.000000, 1.897396, 0.000000, 999.994945, 72.800099, 0.000000, 1042.995246, 708.719965, 45580.573419
1.410000, 51.971720, 0.000000, 1.729141, 0.000000, -0.000105, 0.000000, 0.000000, 1.897336, 0.000000, 999.994871, 73.320103, 0.000000, 1042.995212, 708.719554, 45580.555193
1.420000, 51.971730, 0.000000, 1.729141, 0.000000, -0.000105, 0.000000, 0.000000, 1.897276, 0.000000, 999.994796, 73.840108, 0.000000, 1042.995178, 708.719140, 45580.536797
1.430000, 51.971741, 0.000000, 1.729141, 0.000000, -0.000105, 0.000000, 0.000000, 1.897216, 0.000000, 999.994721, 74.360113, 0.000000, 1042.995144, 708.718722, 45580.518230
1.440000, 51.971752, 0.000000, 1.729140, 0.000000, -0.000105, 0.000000, 0.000000, 1.897156, 0.000000, 999.994645, 74.880118, 0.000000, 1042.995110, 708.718300, 45580.499492
1.450000, 51.971762, 0.000000, 1.729140, 0.000000, -0.000105, 0.000000, 0.000000, 1.897096, 0.000000, 999.994568, 75.400123, 0.000000, 1042.995076, 708.717874, 45580.480585
1.460000, 51.971773, 0.000000, 1.729140, 0.000000, -0.000105, 0.000000, 0.000000, 1.897036, 0.000000, 999.994491, 75.920128, 0.000000, 1042.995042, 708.717444, 45580.461508
1.470000, 51.971784, 0.000000, 1.729139, 0.000000, -0.000104, 0.000000, 0.000000, 1.896976, 0.000000, 999.994414, 76.440134, 0.000000, 1042.995008, 708.717011, 45580.442260
1.480000, 51.971795, 0.000000, 1.729139, 0.000000, -0.000104, 0.000000, 0.000000, 1.896916, 0.000000, 999.994336, 76.960139, 0.000000, 1042.994974, 708.716574, 45580.422844
1.490000, 51.971806, 0.000000, 1.729139, 0.000000, -0.000104, 0.000000, 0.000000, 1.896857, 0.000000, 999.994257, 77.480144, 0.000000, 1042.994940, 708.716133, 45580.403258
1.500000, 51.971817, 0.000000, 1.729138, 0.000000, -0.000104, 0.000000, 0.000000, 1.896797, 0.000000, 999.994178, 78.000150, 0.000000, 1042.994906, 708.715688, 45580.383502
1.510000, 51.971828, 0.000000, 1.729138, 0.000000, -0.000104, 0.000000, 0.000000, 1.896737, 0.000000, 999.994099, 78.520156, 0.000000, 1042.994872, 708.715239, 45580.363578
1.520000, 51.971840, 0.000000, 1.729138, 0.000000, -0.000104, 0.000000, 0.000000, 1.896677, 0.000000, 999.994019, 79.040162, 0.000000, 1042.994838, 708.714787, 45580.343485
1.530000, 51.971851, 0.000000, 1.729138, 0.000000, -0.000104, 0.000000, 0.000000, 1.896618, 0.000000, 999.993938, 79.560168, 0.000000, 1042.994804, 708.714330, 45580.323223
1.540000, 51.971863, 0.000000, 1.729137, 0.000000, -0.000104, 0.000000, 0.000000, 1.896558, 0.000000, 999.993857, 80.080174, 0.000000, 1042.994770, 708.713870, 45580.302792
1.550000, 51.971874, 0.000000, 1.729137, 0.000000, -0.000104, 0.000000, 0.000000, 1.896498, 0.000000, 999.993775, 80.600180, 0.000000, 1042.994737, 708.713406, 45580.282194
1.560000, 51.971886, 0.000000, 1.729137, 0.000000, -0.000104, 0.000000, 0.000000, 1.896439, 0.000000, 999.993693, 81.120186, 0.000000, 1042.994703, 708.712939, 45580.261427
1.570000, 51.971898, 0.000000, 1.729137, 0.000000, -0.000104, 0.000000, 0.000000, 1.896379, 0.000000, 999.993610, 81.640193, 0.000000, 1042.994669, 708.712467, 45580.240492
1.580000, 51.971910, 0.000000, 1.729136, 0.000000, -0.000104, 0.000000, 0.000000, 1.896319, 0.000000, 999.993527, 82.160199, 0.000000, 1042.994635, 708.711992, 45580.219389
1.590000, 51.971922, 0.000000, 1.729136, 0.000000, -0.000104, 0.000000, 0.000000, 1.896260, 0.000000, 999.993443, 82.680206, 0.000000, 1042.994601, 708.711513, 45580.198119
1.600000, 51.971934, 0.000000, 1.729136, 0.000000, -0.000104, 0.000000, 0.000000, 1.896200, 0.000000, 999.993358, 83.200213, 0.000000, 1042.994567, 708.711031, 45580.176682
1.610000, 51.971946, 0.000000, 1.729136, 0.000000, -0.000104, 0.000000, 0.000000, 1.896141, 0.000000, 999.993273, 83.720219, 0.000000, 1042.994533, 708.710544, 45580.155077
1.620000, 51.971958, 0.000000, 1.729136, 0.000000, -0.000104, 0.000000, 0.000000, 1.896082, 0.000000, 999.993188, 84.240226, 0.000000, 1042.994499, 708.710054, 45580.133306
1.630000, 51.971971, 0.000000, 1.729136, 0.000000, -0.000104, 0.000000, 0.000000, 1.896022, 0.000000, 999.993102, 84.760234, 0.000000, 1042.994465, 708.709560, 45580.111368
1.640000, 51.971983, 0.000000, 1.729135, 0.000000, -0.000103, 0.000000, 0.000000, 1.895963, 0.000000, 999.993015, 85.280241, 0.000000, 1042.994431, 708.709062, 45580.089263
1.650000, 51.971996, 0.000000, 1.729135, 0.000000, -0.000103, 0.000000, 0.000000, 1.895904, 0.000000, 999.992928, 85.800248, 0.000000, 1042.994397, 708.708561, 45580.066993
1.660000, 51.972009, 0.000000, 1.729135, 0.000000, -0.000103, 0.000000, 0.000000, 1.895844, 0.000000, 999.992841, 86.320256, 0.000000, 1042.994363, 708.708056, 45580.044556
1.670000, 51.972021, 0.000000, 1.729135, 0.000000, -0.000103, 0.000000, 0.000000, 1.895785, 0.000000, 999.992752, 86.840263, 0.000000, 1042.994329, 708.707547, 45580.021953
1.680000, 51.972034, 0.000000, 1.729135, 0.000000, -0.000103, 0.000000, 0.000000, 1.895726, 0.000000, 999.992664, 87.360271, 0.000000, 1042.994295, 708.707034, 45579.999185
1.690000, 51.972047, 0.000000, 1.729135, 0.000000, -0.000103, 0.000000, 0.000000, 1.895667, 0.000000, 999.992575, 87.880279, 0.000000, 1042.994261, 708.706518, 45579.976251
1.700000, 51.972060, 0.000000, 1.729135, 0.000000, -0.000103, 0.000000, 0.000000, 1.895608, 0.000000, 999.992485, 88.400287, 0.000000, 1042.994227, 708.705998, 45579.953152
1.710000, 51.972073, 0.000000, 1.729135, 0.000000, -0.000103, 0.000000, 0.000000, 1.895549, 0.000000, 999.992395, 88.920295, 0.000000, 1042.994193, 708.705474, 45579.929888
1.720000, 51.972086, 0.000000, 1.729135, 0.000000, -0.000103, 0.000000, 0.000000, 1.895490, 0.000000, 999.992304, 89.440304, 0.000000, 1042.994159, 708.704946, 45579.906460
1.730000, 51.972100, 0.000000, 1.729135, 0.000000, -0.000103, 0.000000, 0.000000, 1.895431, 0.000000, 999.992212, 89.960312, 0.000000, 1042.994125, 708.704415, 45579.882867
1.740000, 51.972113, 0.000000, 1.729135, 0.000000, -0.000103, 0.000000, 0.000000, 1.895372, 0.000000, 999.992121, 90.480321, 0.000000, 1042.994091, 708.703880, 45579.859110
1.750000, 51.972127, 0.000000, 1.729135, 0.000000, -0.000103, 0.000000, 0.000000, 1.895313, 0.000000, 999.992028, 91.000329, 0.000000, 1042.994057, 708.703342, 45579.835188
1.760000, 51.972140, 0.000000, 1.729135, 0.000000, -0.000102, 0.000000, 0.000000, 1.895255, 0.000000, 999.991935, 91.520338, 0.000000, 1042.994023, 708.702799, 45579.811104
1.770000, 51.972154, 0.000000, 1.729135, 0.000000, -0.000102, 0.000000, 0.000000, 1.895196, 0.000000, 999.991842, 92.040347, 0.000000, 1042.993989, 708.702253, 45579.786855
1.780000, 51.972168, 0.000000, 1.729135, 0.000000, -0.000102, 0.000000, 0.000000, 1.895137, 0.000000, 999.991748, 92.560356, 0.000000, 1042.993955, 708.701704, 45579.762443
1.790000, 51.972181, 0.000000, 1.729135, 0.000000, -0.000102, 0.000000, 0.000000, 1.895079, 0.000000, 999.991653, 93.080365, 0.000000, 1042.993922, 708.701150, 45579.737868
1.800000, 51.972195, 0.000000, 1.729135, 0.000000, -0.000102, 0.000000, 0.000000, 1.895020, 0.000000, 999.991558, 93.600375, 0.000000, 1042.993888, 708.700594, 45579.713131
1.810000, 51.972209, 0.000000, 1.729135, 0.000000, -0.000102, 0.000000, 0.000000, 1.894962, 0.000000, 999.991463, 94.120384, 0.000000, 1042.993854, 708.700033, 45579.688231
1.820000, 51.972223, 0.000000, 1.729135, 0.000000, -0.000102, 0.000000, 0.000000, 1.894903, 0.000000, 999.991367, 94.640394, 0.000000, 1042.993820, 708.699469, 45579.663168
1.830000, 51.972238, 0.000000, 1.729135, 0.000000, -0.000102, 0.000000, 0.000000, 1.894845, 0.000000, 999.991270, 95.160404, 0.000000, 1042.993786, 708.698901, 45579.637944
1.840000, 51.972252, 0.000000, 1.729135, 0.000000, -0.000102, 0.000000, 0.000000, 1.894786, 0.000000, 999.991173, 95.680414, 0.000000, 1042.993752, 708.698329, 45579.612557
1.850000, 51.972266, 0.000000, 1.729135, 0.000000, -0.000102, 0.000000, 0.000000, 1.894728, 0.000000, 999.991075, 96.200424, 0.000000, 1042.993718, 708.697754, 45579.587009
1.860000, 51.972281, 0.000000, 1.729135, 0.000000, -0.000102, 0.000000, 0.000000, 1.894670, 0.000000, 999.990977, 96.720434, 0.000000, 1042.993684, 708.697175, 45579.561300
1.870000, 51.972295, 0.000000, 1.729135, 0.000000, -0.000102, 0.000000, 0.000000, 1.894612, 0.000000, 999.990878, 97.240444, 0.000000, 1042.993650, 708.696593, 45579.535430
1.880000, 51.972310, 0.000000, 1.729135, 0.000000, -0.000101, 0.000000, 0.000000, 1.894553, 0.000000, 999.990779, 97.760455, 0.000000, 1042.993616, 708.696007, 45579.509399
1.890000, 51.972325, 0.000000, 1.729135, 0.000000, -0.000101, 0.000000, 0.000000, 1.894495, 0.000000, 999.990679, 98.280465, 0.000000, 1042.993582, 708.695417, 45579.483207
1.900000, 51.972340, 0.000000, 1.729135, 0.000000, -0.000101, 0.000000, 0.000000, 1.894437, 0.000000, 999.990579, 98.800476, 0.000000, 1042.993548, 708.694824, 45579.456855
1.910000, 51.972355, 0.000000, 1.729135, 0.000000, -0.000101, 0.000000, 0.000000, 1.894379, 0.000000, 999.990478, 99.320487, 0.000000, 1042.993514, 708.694227, 45579.430343
1.920000, 51.972370, 0.000000, 1.729136, 0.000000, -0.000101, 0.000000, 0.000000, 1.894321, 0.000000, 999.990377, 99.840498, 0.000000, 1042.993480, 708.693627, 45579.403671
1.930000, 51.972385, 0.000000, 1.729136, 0.000000, -0.000101, 0.000000, 0.000000, 1.894263, 0.000000, 999.990275, 100.360510, 0.000000, 1042.993446, 708.693023, 45579.376839
1.940000, 51.972400, 0.000000, 1.729136, 0.000000, -0.000101, 0.000000, 0.000000, 1.894205, 0.000000, 999.990173, 100.880521, 0.000000, 1042.993412, 708.692415, 45579.349849
1.950000, 51.972415, 0.000000, 1.729136, 0.000000, -0.000101, 0.000000, 0.000000, 1.894147, 0.000000, 999.990070, 101.400533, 0.000000, 1042.993378, 708.691804, 45579.322699
1.960000, 51.972431, 0.000000, 1.729136, 0.000000, -0.000101, 0.000000, 0.000000, 1.894090, 0.000000, 999.989966, 101.920544, 0.000000, 1042.993344, 708.691189, 45579.295390
1.970000, 51.972446, 0.000000, 1.729136, 0.000000, -0.000101, 0.000000, 0.000000, 1.894032, 0.000000, 999.989862, 102.440556, 0.000000, 1042.993310, 708.690571, 45579.267923
1.980000, 51.972462, 0.000000, 1.729136, 0.000000, -0.000101, 0.000000, 0.000000, 1.893974, 0.000000, 999.989758, 102.960568, 0.000000, 1042.993276, 708.689949, 45579.240297
1.990000, 51.972477, 0.000000, 1.729136, 0.000000, -0.000101, 0.000000, 0.000000, 1.893916, 0.000000, 999.989653, 103.480580, 0.000000, 1042.993242, 708.689323, 45579.212514
2.000000, 51.972493, 0.000000, 1.729136, 0.000000, -0.000100, 0.000000, 0.000000, 1.893859, 0.000000, 999.989547, 104.000593, 0.000000, 1042.993208, 708.688694, 45579.184572
2.010000, 51.972509, 0.000000, 1.729136, 0.000000, -0.000100, 0.000000, 0.000000, 1.893801, 0.000000, 999.989441, 104.520605, 0.000000, 1042.993174, 708.688062, 45579.156474
2.020000, 51.972525, 0.000000, 1.729136, 0.000000, -0.000100, 0.000000, 0.000000, 1.893744, 0.000000, 999.989335, 105.040618, 0.000000, 1042.993141, 708.687426, 45579.128218
2.030000, 51.972541, 0.000000, 1.729136, 0.000000, -0.000100, 0.000000, 0.000000, 1.893686, 0.000000, 999.989228, 105.560631, 0.000000, 1042.993107, 708.686786, 45579.099804
2.040000, 51.972557, 0.000000, 1.729137, 0.000000, -0.000100, 0.000000, 0.000000, 1.893629, 0.000000, 999.989120, 106.080643, 0.000000, 1042.993073, 708.686143, 45579.071235
2.050000, 51.972573, 0.000000, 1.729137, 0.000000, -0.000100, 0.000000, 0.000000, 1.893571, 0.000000, 999.989012, 106.600657, 0.000000, 1042.993039, 708.685496, 45579.042508
2.060000, 51.972589, 0.000000, 1.729137, 0.000000, -0.000100, 0.000000, 0.000000, 1.893514, 0.000000, 999.988903, 107.120670, 0.000000, 1042.993005, 708.684846, 45579.013626
2.070000, 51.972605, 0.000000, 1.729137, 0.000000, -0.000100, 0.000000, 0.000000, 1.893457, 0.000000, 999.988794, 107.640683, 0.000000, 1042.992971, 708.684192, 45578.984587
2.080000, 51.972622, 0.000000, 1.729137, 0.000000, -0.000100, 0.000000, 0.000000, 1.893400, 0.000000, 999.988685, 108.160697, 0.000000, 1042.992937, 708.683535, 45578.955393
2.090000, 51.972638, 0.000000, 1.729137, 0.000000, -0.000100, 0.000000, 0.000000, 1.893342, 0.000000, 999.988575, 108.680711, 0.000000, 1042.992903, 708.682874, 45578.926043
2.100000, 51.972655, 0.000000, 1.729137, 0.000000, -0.000100, 0.000000, 0.000000, 1.893285, 0.000000, 999.988464, 109.200725, 0.000000, 1042.992869, 708.682210, 45578.896539
2.110000, 51.972672, 0.000000, 1.729137, 0.000000, -0.000100, 0.000000, 0.000000, 1.893228, 0.000000, 999.988353, 109.720739, 0.000000, 1042.992835, 708.681542, 45578.866879
2.120000, 51.972688, 0.000000, 1.729137, 0.000000, -0.000099, 0.000000, 0.000000, 1.893171, 0.000000, 999.988241, 110.240753, 0.000000, 1042.992801, 708.680871, 45578.837064
2.130000, 51.972705, 0.000000, 1.729137, 0.000000, -0.000099, 0.000000, 0.000000, 1.893114, 0.000000, 999.988129, 110.760767, 0.000000, 1042.992767, 708.680197, 45578.807095
2.140000, 51.972722, 0.000000, 1.729137, 0.000000, -0.000099, 0.000000, 0.000000, 1.893057, 0.000000, 999.988016, 111.280782, 0.000000, 1042.992733, 708.679519, 45578.776972
2.150000, 51.972739, 0.000000, 1.729137, 0.000000, -0.000099, 0.000000, 0.000000, 1.893000, 0.000000, 999.987903, 111.800797, 0.000000, 1042.992699, 708.678837, 45578.746696
2.160000, 51.972756, 0.000000, 1.729137, 0.000000, -0.000099, 0.000000, 0.000000, 1.892944, 0.000000, 999.987789, 112.320812, 0.000000, 1042.992665, 708.678152, 45578.716265
2.170000, 51.972773, 0.000000, 1.729137, 0.000000, -0.000099, 0.000000, 0.000000, 1.892887, 0.000000, 999.987675, 112.840827, 0.000000, 1042.992631, 708.677464, 45578.685681
2.180000, 51.972791, 0.000000, 1.729138, 0.000000, -0.000099, 0.000000, 0.000000, 1.892830, 0.000000, 999.987560, 113.360842, 0.000000, 1042.992597, 708.676772, 45578.654944
2.190000, 51.972808, 0.000000, 1.729138, 0.000000, -0.000099, 0.000000, 0.000000, 1.892773, 0.000000, 999.987445, 113.880858, 0.000000, 1042.992563, 708.676076, 45578.624055
2.200000, 51.972826, 0.000000, 1.729138, 0.000000, -0.000099, 0.000000, 0.000000, 1.892717, 0.000000, 999.987329, 114.400873, 0.000000, 1042.992529, 708.675378, 45578.593012
2.210000, 51.972843, 0.000000, 1.729138, 0.000000, -0.000099, 0.000000, 0.000000, 1.892660, 0.000000, 999.987213, 114.920889, 0.000000, 1042.992495, 708.674675, 45578.561818
2.220000, 51.972861, 0.000000, 1.729138, 0.000000, -0.000099, 0.000000, 0.000000, 1.892604, 0.000000, 999.987096, 115.440905, 0.000000, 1042.992461, 708.673970, 45578.530471
2.230000, 51.972878, 0.000000, 1.729138, 0.000000, -0.000099, 0.000000, 0.000000, 1.892547, 0.000000, 999.986979, 115.960921, 0.000000, 1042.992427, 708.673261, 45578.498973
2.240000, 51.972896, 0.000000, 1.729138, 0.000000, -0.000098, 0.000000, 0.000000, 1.892491, 0.000000, 999.986861, 116.480937, 0.000000, 1042.992394, 708.672548, 45578.467323
2.250000, 51.972914, 0.000000, 1.729138, 0.000000, -0.000098, 0.000000, 0.000000, 1.892434, 0.000000, 999.986743, 117.000954, 0.000000, 1042.992360, 708.671832, 45578.435522
2.260000, 51.972932, 0.000000, 1.729138, 0.000000, -0.000098, 0.000000, 0.000000, 1.892378, 0.000000, 999.986624, 117.520971, 0.000000, 1042.992326, 708.671113, 45578.403570
2.270000, 51.972950, 0.000000, 1.729138, 0.000000, -0.000098, 0.000000, 0.000000, 1.892322, 0.000000, 999.986504, 118.040988, 0.000000, 1042.992292, 708.670391, 45578.371467
2.280000, 51.972968, 0.000000, 1.729138, 0.000000, -0.000098, 0.000000, 0.000000, 1.892265, 0.000000, 999.986385, 118.561005, 0.000000, 1042.992258, 708.669664, 45578.339214
2.290000, 51.972986, 0.000000, 1.729138, 0.000000, -0.000098, 0.000000, 0.000000, 1.892209, 0.000000, 999.986264, 119.081022, 0.000000, 1042.992224, 708.668935, 45578.306811
2.300000, 51.973005, 0.000000, 1.729138, 0.000000, -0.000098, 0.000000, 0.000000, 1.892153, 0.000000, 999.986143, 119.601039, 0.000000, 1042.992190, 708.668202, 45578.274258
2.310000, 51.973023, 0.000000, 1.729138, 0.000000, -0.000098, 0.000000, 0.000000, 1.892097, 0.000000, 999.986022, 120.121057, 0.000000, 1042.992156, 708.667466, 45578.241555
2.320000, 51.973042, 0.000000, 1.729138, 0.000000, -0.000098, 0.000000, 0.000000, 1.892041, 0.000000, 999.985900, 120.641075, 0.000000, 1042.992122, 708.666727, 45578.208703
2.330000, 51.973060, 0.000000, 1.729138, 0.000000, -0.000098, 0.000000, 0.000000, 1.891985, 0.000000, 999.985778, 121.161093, 0.000000, 1042.992088, 708.665984, 45578.175701
2.340000, 51.973079, 0.000000, 1.729138, 0.000000, -0.000097, 0.000000, 0.000000, 1.891929, 0.000000, 999.985655, 121.681111, 0.000000, 1042.992054, 708.665238, 45578.142551
2.350000, 51.973097, 0.000000, 1.729138, 0.000000, -0.000097, 0.000000, 0.000000, 1.891873, 0.000000, 999.985532, 122.201129, 0.000000, 1042.992020, 708.664488, 45578.109253
2.360000, 51.973116, 0.000000, 1.729138, 0.000000, -0.000097, 0.000000, 0.000000, 1.891817, 0.000000, 999.985408, 122.721148, 0.000000, 1042.991986, 708.663735, 45578.075806
2.370000, 51.973135, 0.000000, 1.729139, 0.000000, -0.000097, 0.000000, 0.000000, 1.891762, 0.000000, 999.985283, 123.241166, 0.000000, 1042.991952, 708.662979, 45578.042211
2.380000, 51.973154, 0.000000, 1.729139, 0.000000, -0.000097, 0.000000, 0.000000, 1.891706, 0.000000, 999.985158, 123.761185, 0.000000, 1042.991918, 708.662220, 45578.008469
2.390000, 51.973173, 0.000000, 1.729139, 0.000000, -0.000097, 0.000000, 0.000000, 1.891650, 0.000000, 999.985033, 124.281204, 0.000000, 1042.991884, 708.661457, 45577.974579
2.400000, 51.973192, 0.000000, 1.729139, 0.000000, -0.000097, 0.000000, 0.000000, 1.891595, 0.000000, 999.984907, 124.801224, 0.000000, 1042.991850, 708.660691, 45577.940542
2.410000, 51.973211, 0.000000, 1.729139, 0.000000, -0.000097, 0.000000, 0.000000, 1.891539, 0.000000, 999.984781, 125.321243, 0.000000, 1042.991816, 708.659921, 45577.906358
2.420000, 51.973231, 0.000000, 1.729139, 0.000000, -0.000097, 0.000000, 0.000000, 1.891484, 0.000000, 999.984654, 125.841263, 0.000000, 1042.991782, 708.659148, 45577.872027
2.430000, 51.973250, 0.000000, 1.729139, 0.000000, -0.000097, 0.000000, 0.000000, 1.891428, 0.000000, 999.984527, 126.361283, 0.000000, 1042.991748, 708.658372, 45577.837550
2.440000, 51.973269, 0.000000, 1.729139, 0.000000, -0.000097, 0.000000, 0.000000, 1.891373, 0.000000, 999.984399, 126.881303, 0.000000, 1042.991714, 708.657593, 45577.802927
2.450000, 51.973289, 0.000000, 1.729139, 0.000000, -0.000096, 0.000000, 0.000000, 1.891318, 0.000000, 999.984270, 127.401323, 0.000000, 1042.991680, 708.656810, 45577.768158
2.460000, 51.973309, 0.000000, 1.729139, 0.000000, -0.000096, 0.000000, 0.000000, 1.891263, 0.000000, 999.984142, 127.921343, 0.000000, 1042.991646, 708.656024, 45577.733244
2.470000, 51.973328, 0.000000, 1.729139, 0.000000, -0.000096, 0.000000, 0.000000, 1.891207, 0.000000, 999.984012, 128.441364, 0.000000, 1042.991613, 708.655235, 45577.698185
2.480000, 51.973348, 0.000000, 1.729139, 0.000000, -0.000096, 0.000000, 0.000000, 1.891152, 0.000000, 999.983882, 128.961385, 0.000000, 1042.991579, 708.654443, 45577.662980
2.490000, 51.973368, 0.000000, 1.729139, 0.000000, -0.000096, 0.000000, 0.000000, 1.891097, 0.000000, 999.983752, 129.481406, 0.000000, 1042.991545, 708.653647, 45577.627631
2.500000, 51.973388, 0.000000, 1.729139, 0.000000, -0.000096, 0.000000, 0.000000, 1.891042, 0.000000, 999.983621, 130.001427, 0.000000, 1042.991511, 708.652848, 45577.592138
2.510000, 51.973408, 0.000000, 1.729139, 0.000000, -0.000096, 0.000000, 0.000000, 1.890987, 0.000000, 999.983490, 130.521448, 0.000000, 1042.991477, 708.652046, 45577.556500
2.520000, 51.973428, 0.000000, 1.729139, 0.000000, -0.000096, 0.000000, 0.000000, 1.890932, 0.000000, 999.983358, 131.041470, 0.000000, 1042.991443, 708.651241, 45577.520719
2.530000, 51.973448, 0.000000, 1.729139, 0.000000, -0.000096, 0.000000, 0.000000, 1.890878, 0.000000, 999.983226, 131.561492, 0.000000, 1042.991409, 708.650432, 45577.484794
2.540000, 51.973468, 0.000000, 1.729139, 0.000000, -0.000095, 0.000000, 0.000000, 1.890823, 0.000000, 999.983093, 132.081514, 0.000000, 1042.991375, 708.649620, 45577.448726
2.550000, 51.973489, 0.000000, 1.729139, 0.000000, -0.000095, 0.000000, 0.000000, 1.890768, 0.000000, 999.982960, 132.601536, 0.000000, 1042.991341, 708.648805, 45577.412515
2.560000, 51.973509, 0.000000, 1.729139, 0.000000, -0.000095, 0.000000, 0.000000, 1.890713, 0.000000, 999.982826, 133.121559, 0.000000, 1042.991307, 708.647987, 45577.376161
2.570000, 51.973530, 0.000000, 1.729140, 0.000000, -0.000095, 0.000000, 0.000000, 1.890659, 0.000000, 999.982692, 133.641581, 0.000000, 1042.991273, 708.647166, 45577.339665
2.580000, 51.973550, 0.000000, 1.729140, 0.000000, -0.000095, 0.000000, 0.000000, 1.890604, 0.000000, 999.982557, 134.161604, 0.000000, 1042.991239, 708.646341, 45577.303027
2.590000, 51.973571, 0.000000, 1.729140, 0.000000, -0.000095, 0.000000, 0.000000, 1.890550, 0.000000, 999.982422, 134.681627, 0.000000, 1042.991205, 708.645513, 45577.266247
2.600000, 51.973592, 0.000000, 1.729140, 0.000000, -0.000095, 0.000000, 0.000000, 1.890496, 0.000000, 999.982286, 135.201650, 0.000000, 1042.991171, 708.644682, 45577.229325
2.610000, 51.973612, 0.000000, 1.729140, 0.000000, -0.000095, 0.000000, 0.000000, 1.890441, 0.000000, 999.982150, 135.721674, 0.000000, 1042.991137, 708.643848, 45577.192262
2.620000, 51.973633, 0.000000, 1.729140, 0.000000, -0.000095, 0.000000, 0.000000, 1.890387, 0.000000, 999.982013, 136.241697, 0.000000, 1042.991103, 708.643010, 45577.155059
2.630000, 51.973654, 0.000000, 1.729140, 0.000000, -0.000094, 0.000000, 0.000000, 1.890333, 0.000000, 999.981876, 136.761721, 0.000000, 1042.991069, 708.642170, 45577.117714
2.640000, 51.973675, 0.000000, 1.729140, 0.000000, -0.000094, 0.000000, 0.000000, 1.890279, 0.000000, 999.981738, 137.281745, 0.000000, 1042.991035, 708.641326, 45577.080229
2.650000, 51.973696, 0.000000, 1.729140, 0.000000, -0.000094, 0.000000, 0.000000, 1.890225, 0.000000, 999.981600, 137.801770, 0.000000, 1042.991001, 708.640479, 45577.042605
2.660000, 51.973718, 0.000000, 1.729140, 0.000000, -0.000094, 0.000000, 0.000000, 1.890170, 0.000000, 999.981461, 138.321794, 0.000000, 1042.990967, 708.639629, 45577.004840
2.670000, 51.973739, 0.000000, 1.729140, 0.000000, -0.000094, 0.000000, 0.000000, 1.890117, 0.000000, 999.981322, 138.841819, 0.000000, 1042.990933, 708.638776, 45576.966936
2.680000, 51.973760, 0.000000, 1.729140, 0.000000, -0.000094, 0.000000, 0.000000, 1.890063, 0.000000, 999.981183, 139.361844, 0.000000, 1042.990899, 708.637920, 45576.928892
2.690000, 51.973782, 0.000000, 1.729140, 0.000000, -0.000094, 0.000000, 0.000000, 1.890009, 0.000000, 999.981043, 139.881869, 0.000000, 1042.990866, 708.637060, 45576.890710
2.700000, 51.973803, 0.000000, 1.729140, 0.000000, -0.000094, 0.000000, 0.000000, 1.889955, 0.000000, 999.980902, 140.401894, 0.000000, 1042.990832, 708.636198, 45576.852389
2.710000, 51.973825, 0.000000, 1.729140, 0.000000, -0.000094, 0.000000, 0.000000, 1.889901, 0.000000, 999.980761, 140.921920, 0.000000, 1042.990798, 708.635332, 45576.813930
2.720000, 51.973846, 0.000000, 1.729141, 0.000000, -0.000093, 0.000000, 0.000000, 1.889848, 0.000000, 999.980619, 141.441946, 0.000000, 1042.990764, 708.634463, 45576.775333
2.730000, 51.973868, 0.000000, 1.729141, 0.000000, -0.000093, 0.000000, 0.000000, 1.889794, 0.000000, 999.980477, 141.961972, 0.000000, 1042.990730, 708.633592, 45576.736598
2.740000, 51.973890, 0.000000, 1.729141, 0.000000, -0.000093, 0.000000, 0.000000, 1.889741, 0.000000, 999.980335, 142.481998, 0.000000, 1042.990696, 708.632717, 45576.697725
2.750000, 51.973912, 0.000000, 1.729141, 0.000000, -0.000093, 0.000000, 0.000000, 1.889687, 0.000000, 999.980192, 143.002024, 0.000000, 1042.990662, 708.631839, 45576.658715
2.760000, 51.973934, 0.000000, 1.729141, 0.000000, -0.000093, 0.000000, 0.000000, 1.889634, 0.000000, 999.980048, 143.522051, 0.000000, 1042.990628, 708.630958, 45576.619569
2.770000, 51.973956, 0.000000, 1.729141, 0.000000, -0.000093, 0.000000, 0.000000, 1.889581, 0.000000, 999.979904, 144.042078, 0.000000, 1042.990594, 708.630073, 45576.580286
2.780000, 51.973978, 0.000000, 1.729141, 0.000000, -0.000093, 0.000000, 0.000000, 1.889527, 0.000000, 999.979760, 144.562105, 0.000000, 1042.990560, 708.629186, 45576.540867
2.790000, 51.974000, 0.000000, 1.729141, 0.000000, -0.000093, 0.000000, 0.000000, 1.889474, 0.000000, 999.979615, 145.082132, 0.000000, 1042.990526, 708.628296, 45576.501312
2.800000, 51.974022, 0.000000, 1.729141, 0.000000, -0.000093, 0.000000, 0.000000, 1.889421, 0.000000, 999.979470, 145.602160, 0.000000, 1042.990492, 708.627403, 45576.461621
2.810000, 51.974045, 0.000000, 1.729141, 0.000000, -0.000092, 0.000000, 0.000000, 1.889368, 0.000000, 999.979324, 146.122188, 0.000000, 1042.990458, 708.626506, 45576.421794
2.820000, 51.974067, 0.000000, 1.729141, 0.000000, -0.000092, 0.000000, 0.000000, 1.889315, 0.000000, 999.979178, 146.642216, 0.000000, 1042.990424, 708.625607, 45576.381833
2.830000, 51.974090, 0.000000, 1.729141, 0.000000, -0.000092, 0.000000, 0.000000, 1.889262, 0.000000, 999.979031, 147.162244, 0.000000, 1042.990390, 708.624704, 45576.341737
2.840000, 51.974112, 0.000000, 1.729141, 0.000000, -0.000092, 0.000000, 0.000000, 1.889209, 0.000000, 999.978884, 147.682272, 0.000000, 1042.990356, 708.623799, 45576.301507
2.850000, 51.974135, 0.000000, 1.729141, 0.000000, -0.000092, 0.000000, 0.000000, 1.889157, 0.000000, 999.978736, 148.202301, 0.000000, 1042.990322, 708.622890, 45576.261142
2.860000, 51.974158, 0.000000, 1.729142, 0.000000, -0.000092, 0.000000, 0.000000, 1.889104, 0.000000, 999.978588, 148.722330, 0.000000, 1042.990288, 708.621979, 45576.220643
2.870000, 51.974180, 0.000000, 1.729142, 0.000000, -0.000092, 0.000000, 0.000000, 1.889051, 0.000000, 999.978439, 149.242359, 0.000000, 1042.990254, 708.621064, 45576.180011
2.880000, 51.974203, 0.000000, 1.729142, 0.000000, -0.000092, 0.000000, 0.000000, 1.888999, 0.000000, 999.978290, 149.762388, 0.000000, 1042.990220, 708.620147, 45576.139246
2.890000, 51.974226, 0.000000, 1.729142, 0.000000, -0.000091, 0.000000, 0.000000, 1.888946, 0.000000, 999.978140, 150.282418, 0.000000, 1042.990186, 708.619226, 45576.098348
2.900000, 51.974249, 0.000000, 1.729142, 0.000000, -0.000091, 0.000000, 0.000000, 1.888894, 0.000000, 999.977990, 150.802448, 0.000000, 1042.990152, 708.618303, 45576.057317
2.910000, 51.974272, 0.000000, 1.729142, 0.000000, -0.000091, 0.000000, 0.000000, 1.888842, 0.000000, 999.977840, 151.322478, 0.000000, 1042.990119, 708.617376, 45576.016154
2.920000, 51.974295, 0.000000, 1.729142, 0.000000, -0.000091, 0.000000, 0.000000, 1.888789, 0.000000, 999.977689, 151.842508, 0.000000, 1042.990085, 708.616447, 45575.974859
2.930000, 51.974319, 0.000000, 1.729142, 0.000000, -0.000091, 0.000000, 0.000000, 1.888737, 0.000000, 999.977537, 152.362538, 0.000000, 1042.990051, 708.615514, 45575.933432
2.940000, 51.974342, 0.000000, 1.729142, 0.000000, -0.000091, 0.000000, 0.000000, 1.888685, 0.000000, 999.977385, 152.882569, 0.000000, 1042.990017, 708.614579, 45575.891873
2.950000, 51.974365, 0.000000, 1.729142, 0.000000, -0.000091, 0.000000, 0.000000, 1.888633, 0.000000, 999.977233, 153.402600, 0.000000, 1042.989983, 708.613641, 45575.850184
2.960000, 51.974389, 0.000000, 1.729142, 0.000000, -0.000091, 0.000000, 0.000000, 1.888581, 0.000000, 999.977080, 153.922631, 0.000000, 1042.989949, 708.612699, 45575.808363
2.970000, 51.974412, 0.000000, 1.729142, 0.000000, -0.000090, 0.000000, 0.000000, 1.888529, 0.000000, 999.976926, 154.442663, 0.000000, 1042.989915, 708.611755, 45575.766413
2.980000, 51.974436, 0.000000, 1.729143, 0.000000, -0.000090, 0.000000, 0.000000, 1.888477, 0.000000, 999.976773, 154.962694, 0.000000, 1042.989881, 708.610808, 45575.724332
2.990000, 51.974460, 0.000000, 1.729143, 0.000000, -0.000090, 0.000000, 0.000000, 1.888425, 0.000000, 999.976618, 155.482726, 0.000000, 1042.989847, 708.609858, 45575.682121
3.000000, 51.974483, 0.000000, 1.729143, 0.000000, -0.000090, 0.000000, 0.000000, 1.888374, 0.000000, 999.976464, 156.002758, 0.000000, 1042.989813, 708.608905, 45575.639780
3.010000, 51.974507, 0.000000, 1.729143, 0.000000, -0.000090, 0.000000, 0.000000, 1.888322, 0.000000, 999.976308, 156.522791, 0.000000, 1042.989779, 708.607949, 45575.597311
3.020000, 51.974531, 0.000000, 1.729143, 0.000000, -0.000090, 0.000000, 0.000000, 1.888270, 0.000000, 999.976153, 157.042823, 0.000000, 1042.989745, 708.606990, 45575.554712
3.030000, 51.974555, 0.000000, 1.729143, 0.000000, -0.000090, 0.000000, 0.000000, 1.888219, 0.000000, 999.975997, 157.562856, 0.000000, 1042.989711, 708.606029, 45575.511985
3.040000, 51.974579, 0.000000, 1.729143, 0.000000, -0.000090, 0.000000, 0.000000, 1.888168, 0.000000, 999.975840, 158.082889, 0.000000, 1042.989677, 708.605064, 45575.469129
3.050000, 51.974603, 0.000000, 1.729143, 0.000000, -0.000089, 0.000000, 0.000000, 1.888116, 0.000000, 999.975683, 158.602922, 0.000000, 1042.989643, 708.604097, 45575.426146
3.060000, 51.974627, 0.000000, 1.729143, 0.000000, -0.000089, 0.000000, 0.000000, 1.888065, 0.000000, 999.975525, 159.122956, 0.000000, 1042.989609, 708.603126, 45575.383034
3.070000, 51.974652, 0.000000, 1.729143, 0.000000, -0.000089, 0.000000, 0.000000, 1.888014, 0.000000, 999.975367, 159.642990, 0.000000, 1042.989575, 708.602153, 45575.339796
3.080000, 51.974676, 0.000000, 1.729143, 0.000000, -0.000089, 0.000000, 0.000000, 1.887963, 0.000000, 999.975209, 160.163024, 0.000000, 1042.989541, 708.601177, 45575.296430
3.090000, 51.974700, 0.000000, 1.729144, 0.000000, -0.000089, 0.000000, 0.000000, 1.887912, 0.000000, 999.975050, 160.683058, 0.000000, 1042.989507, 708.600198, 45575.252937
3.100000, 51.974725, 0.000000, 1.729144, 0.000000, -0.000089, 0.000000, 0.000000, 1.887861, 0.000000, 999.974891, 161.203093, 0.000000, 1042.989473, 708.599217, 45575.209318
3.110000, 51.974749, 0.000000, 1.729144, 0.000000, -0.000089, 0.000000, 0.000000, 1.887810, 0.000000, 999.974731, 161.723127, 0.000000, 1042.989439, 708.598232, 45575.165573
3.120000, 51.974774, 0.000000, 1.729144, 0.000000, -0.000089, 0.000000, 0.000000, 1.887759, 0.000000, 999.974571, 162.243163, 0.000000, 1042.989405, 708.597245, 45575.121702
3.130000, 51.974799, 0.000000, 1.729144, 0.000000, -0.000088, 0.000000, 0.000000, 1.887708, 0.000000, 999.974410, 162.763198, 0.000000, 1042.989372, 708.596254, 45575.077706
3.140000, 51.974823, 0.000000, 1.729144, 0.000000, -0.000088, 0.000000, 0.000000, 1.887657, 0.000000, 999.974249, 163.283233, 0.000000, 1042.989338, 708.595261, 45575.033584
3.150000, 51.974848, 0.000000, 1.729144, 0.000000, -0.000088, 0.000000, 0.000000, 1.887607, 0.000000, 999.974087, 163.803269, 0.000000, 1042.989304, 708.594265, 45574.989338
3.160000, 51.974873, 0.000000, 1.729144, 0.000000, -0.000088, 0.000000, 0.000000, 1.887556, 0.000000, 999.973925, 164.323305, 0.000000, 1042.989270, 708.593267, 45574.944967
3.170000, 51.974898, 0.000000, 1.729144, 0.000000, -0.000088, 0.000000, 0.000000, 1.887506, 0.000000, 999.973763, 164.843341, 0.000000, 1042.989236, 708.592265, 45574.900471
3.180000, 51.974923, 0.000000, 1.729144, 0.000000, -0.000088, 0.000000, 0.000000, 1.887455, 0.000000, 999.973600, 165.363378, 0.000000, 1042.989202, 708.591261, 45574.855852
3.190000, 51.974948, 0.000000, 1.729144, 0.000000, -0.000088, 0.000000, 0.000000, 1.887405, 0.000000, 999.973436, 165.883415, 0.000000, 1042.989168, 708.590254, 45574.811109
3.200000, 51.974973, 0.000000, 1.729145, 0.000000, -0.000088, 0.000000, 0.000000, 1.887355, 0.000000, 999.973272, 166.403452, 0.000000, 1042.989134, 708.589244, 45574.766243
3.210000, 51.974998, 0.000000, 1.729145, 0.000000, -0.000087, 0.000000, 0.000000, 1.887305, 0.000000, 999.973108, 166.923489, 0.000000, 1042.989100, 708.588232, 45574.721254
3.220000, 51.975024, 0.000000, 1.729145, 0.000000, -0.000087, 0.000000, 0.000000, 1.887255, 0.000000, 999.972943, 167.443526, 0.000000, 1042.989066, 708.587216, 45574.676142
3.230000, 51.975049, 0.000000, 1.729145, 0.000000, -0.000087, 0.000000, 0.000000, 1.887205, 0.000000, 999.972778, 167.963564, 0.000000, 1042.989032, 708.586198, 45574.630908
3.240000, 51.975075, 0.000000, 1.729145, 0.000000, -0.000087, 0.000000, 0.000000, 1.887155, 0.000000, 999.972612, 168.483602, 0.000000, 1042.988998, 708.585178, 45574.585552
3.250000, 51.975100, 0.000000, 1.729145, 0.000000, -0.000087, 0.000000, 0.000000, 1.887105, 0.000000, 999.972446, 169.003640, 0.000000, 1042.988964, 708.584154, 45574.540075
3.260000, 51.975126, 0.000000, 1.729145, 0.000000, -0.000087, 0.000000, 0.000000, 1.887055, 0.000000, 999.972280, 169.523679, 0.000000, 1042.988930, 708.583128, 45574.494475
3.270000, 51.975151, 0.000000, 1.729145, 0.000000, -0.000087, 0.000000, 0.000000, 1.887005, 0.000000, 999.972113, 170.043718, 0.000000, 1042.988896, 708.582099, 45574.448755
3.280000, 51.975177, 0.000000, 1.729145, 0.000000, -0.000086, 0.000000, 0.000000, 1.886956, 0.000000, 999.971945, 170.563757, 0.000000, 1042.988862, 708.581067, 45574.402914
3.290000, 51.975203, 0.000000, 1.729145, 0.000000, -0.000086, 0.000000, 0.000000, 1.886906, 0.000000, 999.971777, 171.083796, 0.000000, 1042.988828, 708.580033, 45574.356953
3.300000, 51.975229, 0.000000, 1.729146, 0.000000, -0.000086, 0.000000, 0.000000, 1.886857, 0.000000, 999.971609, 171.603836, 0.000000, 1042.988794, 708.578995, 45574.310872
3.310000, 51.975254, 0.000000, 1.729146, 0.000000, -0.000086, 0.000000, 0.000000, 1.886807, 0.000000, 999.971440, 172.123875, 0.000000, 1042.988760, 708.577956, 45574.264671
3.320000, 51.975280, 0.000000, 1.729146, 0.000000, -0.000086, 0.000000, 0.000000, 1.886758, 0.000000, 999.971271, 172.643916, 0.000000, 1042.988726, 708.576913, 45574.218350
3.330000, 51.975306, 0.000000, 1.729146, 0.000000, -0.000086, 0.000000, 0.000000, 1.886709, 0.000000, 999.971102, 173.163956, 0.000000, 1042.988692, 708.575868, 45574.171911
3.340000, 51.975333, 0.000000, 1.729146, 0.000000, -0.000086, 0.000000, 0.000000, 1.886660, 0.000000, 999.970931, 173.683996, 0.000000, 1042.988659, 708.574820, 45574.125352
3.350000, 51.975359, 0.000000, 1.729146, 0.000000, -0.000085, 0.000000, 0.000000, 1.886611, 0.000000, 999.970761, 174.204037, 0.000000, 1042.988625, 708.573769, 45574.078675
3.360000, 51.975385, 0.000000, 1.729146, 0.000000, -0.000085, 0.000000, 0.000000, 1.886562, 0.000000, 999.970590, 174.724078, 0.000000, 1042.988591, 708.572716, 45574.031880
3.370000, 51.975411, 0.000000, 1.729146, 0.000000, -0.000085, 0.000000, 0.000000, 1.886513, 0.000000, 999.970419, 175.244120, 0.000000, 1042.988557, 708.571660, 45573.984968
3.380000, 51.975438, 0.000000, 1.729146, 0.000000, -0.000085, 0.000000, 0.000000, 1.886464, 0.000000, 999.970247, 175.764161, 0.000000, 1042.988523, 708.570602, 45573.937937
3.390000, 51.975464, 0.000000, 1.729146, 0.000000, -0.000085, 0.000000, 0.000000, 1.886415, 0.000000, 999.970074, 176.284203, 0.000000, 1042.988489, 708.569541, 45573.890790
3.400000, 51.975491, 0.000000, 1.729147, 0.000000, -0.000085, 0.000000, 0.000000, 1.886367, 0.000000, 999.969902, 176.804245, 0.000000, 1042.988455, 708.568477, 45573.843526
3.410000, 51.975517, 0.000000, 1.729147, 0.000000, -0.000085, 0.000000, 0.000000, 1.886318, 0.000000, 999.969729, 177.324288, 0.000000, 1042.988421, 708.567411, 45573.796145
3.420000, 51.975544, 0.000000, 1.729147, 0.000000, -0.000085, 0.000000, 0.000000, 1.886269, 0.000000, 999.969555, 177.844331, 0.000000, 1042.988387, 708.566342, 45573.748648
3.430000, 51.975570, 0.000000, 1.729147, 0.000000, -0.000084, 0.000000, 0.000000, 1.886221, 0.000000, 999.969381, 178.364374, 0.000000, 1042.988353, 708.565270, 45573.701035
3.440000, 51.975597, 0.000000, 1.729147, 0.000000, -0.000084, 0.000000, 0.000000, 1.886173, 0.000000, 999.969207, 178.884417, 0.000000, 1042.988319, 708.564196, 45573.653307
3.450000, 51.975624, 0.000000, 1.729147, 0.000000, -0.000084, 0.000000, 0.000000, 1.886124, 0.000000, 999.969032, 179.404460, 0.000000, 1042.988285, 708.563119, 45573.605464
3.460000, 51.975651, 0.000000, 1.729147, 0.000000, -0.000084, 0.000000, 0.000000, 1.886076, 0.000000, 999.968856, 179.924504, 0.000000, 1042.988251, 708.562040, 45573.557505
3.470000, 51.975678, 0.000000, 1.729147, 0.000000, -0.000084, 0.000000, 0.000000, 1.886028, 0.000000, 999.968681, 180.444548, 0.000000, 1042.988217, 708.560958, 45573.509433
3.480000, 51.975705, 0.000000, 1.729147, 0.000000, -0.000084, 0.000000, 0.000000, 1.885980, 0.000000, 999.968505, 180.964592, 0.000000, 1042.988183, 708.559873, 45573.461246
3.490000, 51.975732, 0.000000, 1.729147, 0.000000, -0.000084, 0.000000, 0.000000, 1.885932, 0.000000, 999.968328, 181.484637, 0.000000, 1042.988149, 708.558786, 45573.412945
3.500000, 51.975759, 0.000000, 1.729148, 0.000000, -0.000083, 0.000000, 0.000000, 1.885884, 0.000000, 999.968151, 182.004682, 0.000000, 1042.988115, 708.557697, 45573.364530
3.510000, 51.975786, 0.000000, 1.729148, 0.000000, -0.000083, 0.000000, 0.000000, 1.885837, 0.000000, 999.967974, 182.524727, 0.000000, 1042.988081, 708.556604, 45573.316003
3.520000, 51.975813, 0.000000, 1.729148, 0.000000, -0.000083, 0.000000, 0.000000, 1.885789, 0.000000, 999.967796, 183.044772, 0.000000, 1042.988047, 708.555510, 45573.267362
3.530000, 51.975841, 0.000000, 1.729148, 0.000000, -0.000083, 0.000000, 0.000000, 1.885741, 0.000000, 999.967617, 183.564818, 0.000000, 1042.988013, 708.554412, 45573.218609
3.540000, 51.975868, 0.000000, 1.729148, 0.000000, -0.000083, 0.000000, 0.000000, 1.885694, 0.000000, 999.967439, 184.084864, 0.000000, 1042.987979, 708.553313, 45573.169744
3.550000, 51.975896, 0.000000, 1.729148, 0.000000, -0.000083, 0.000000, 0.000000, 1.885646, 0.000000, 999.967260, 184.604910, 0.000000, 1042.987946, 708.552210, 45573.120767
3.560000, 51.975923, 0.000000, 1.729148, 0.000000, -0.000083, 0.000000, 0.000000, 1.885599, 0.000000, 999.967080, 185.124956, 0.000000, 1042.987912, 708.551105, 45573.071678
3.570000, 51.975951, 0.000000, 1.729148, 0.000000, -0.000082, 0.000000, 0.000000, 1.885552, 0.000000, 999.966900, 185.645003, 0.000000, 1042.987878, 708.549998, 45573.022479
3.580000, 51.975978, 0.000000, 1.729148, 0.000000, -0.000082, 0.000000, 0.000000, 1.885504, 0.000000, 999.966720, 186.165050, 0.000000, 1042.987844, 708.548888, 45572.973168
3.590000, 51.976006, 0.000000, 1.729149, 0.000000, -0.000082, 0.000000, 0.000000, 1.885457, 0.000000, 999.966539, 186.685098, 0.000000, 1042.987810, 708.547776, 45572.923747
3.600000, 51.976034, 0.000000, 1.729149, 0.000000, -0.000082, 0.000000, 0.000000, 1.885410, 0.000000, 999.966358, 187.205145, 0.000000, 1042.987776, 708.546661, 45572.874216
3.610000, 51.976062, 0.000000, 1.729149, 0.000000, -0.000082, 0.000000, 0.000000, 1.885363, 0.000000, 999.966176, 187.725193, 0.000000, 1042.987742, 708.545544, 45572.824574
3.620000, 51.976089, 0.000000, 1.729149, 0.000000, -0.000082, 0.000000, 0.000000, 1.885317, 0.000000, 999.965994, 188.245241, 0.000000, 1042.987708, 708.544424, 45572.774824
3.630000, 51.976117, 0.000000, 1.729149, 0.000000, -0.000081, 0.000000, 0.000000, 1.885270, 0.000000, 999.965811, 188.765290, 0.000000, 1042.987674, 708.543302, 45572.724964
3.640000, 51.976145, 0.000000, 1.729149, 0.000000, -0.000081, 0.000000, 0.000000, 1.885223, 0.000000, 999.965628, 189.285338, 0.000000, 1042.987640, 708.542178, 45572.674995
3.650000, 51.976173, 0.000000, 1.729149, 0.000000, -0.000081, 0.000000, 0.000000, 1.885177, 0.000000, 999.965445, 189.805387, 0.000000, 1042.987606, 708.541050, 45572.624917
3.660000, 51.976202, 0.000000, 1.729149, 0.000000, -0.000081, 0.000000, 0.000000, 1.885130, 0.000000, 999.965261, 190.325436, 0.000000, 1042.987572, 708.539921, 45572.574732
3.670000, 51.976230, 0.000000, 1.729149, 0.000000, -0.000081, 0.000000, 0.000000, 1.885084, 0.000000, 999.965077, 190.845486, 0.000000, 1042.987538, 708.538789, 45572.524439
3.680000, 51.976258, 0.000000, 1.729150, 0.000000, -0.000081, 0.000000, 0.000000, 1.885037, 0.000000, 999.964893, 191.365536, 0.000000, 1042.987504, 708.537655, 45572.474038
3.690000, 51.976286, 0.000000, 1.729150, 0.000000, -0.000081, 0.000000, 0.000000, 1.884991, 0.000000, 999.964708, 191.885586, 0.000000, 1042.987470, 708.536518, 45572.423530
3.700000, 51.976315, 0.000000, 1.729150, 0.000000, -0.000080, 0.000000, 0.000000, 1.884945, 0.000000, 999.964522, 192.405636, 0.000000, 1042.987436, 708.535379, 45572.372915
3.710000, 51.976343, 0.000000, 1.729150, 0.000000, -0.000080, 0.000000, 0.000000, 1.884899, 0.000000, 999.964337, 192.925687, 0.000000, 1042.987402, 708.534237, 45572.322194
3.720000, 51.976372, 0.000000, 1.729150, 0.000000, -0.000080, 0.000000, 0.000000, 1.884853, 0.000000, 999.964150, 193.445738, 0.000000, 1042.987368, 708.533093, 45572.271366
3.730000, 51.976400, 0.000000, 1.729150, 0.000000, -0.000080, 0.000000, 0.000000, 1.884807, 0.000000, 999.963964, 193.965789, 0.000000, 1042.987334, 708.531947, 45572.220433
3.740000, 51.976429, 0.000000, 1.729150, 0.000000, -0.000080, 0.000000, 0.000000, 1.884761, 0.000000, 999.963777, 194.485841, 0.000000, 1042.987300, 708.530798, 45572.169394
3.750000, 51.976457, 0.000000, 1.729150, 0.000000, -0.000080, 0.000000, 0.000000, 1.884715, 0.000000, 999.963589, 195.005892, 0.000000, 1042.987266, 708.529647, 45572.118250
3.760000, 51.976486, 0.000000, 1.729151, 0.000000, -0.000080, 0.000000, 0.000000, 1.884670, 0.000000, 999.963401, 195.525945, 0.000000, 1042.987233, 708.528494, 45572.067002
3.770000, 51.976515, 0.000000, 1.729151, 0.000000, -0.000079, 0.000000, 0.000000, 1.884624, 0.000000, 999.963213, 196.045997, 0.000000, 1042.987199, 708.527338, 45572.015648
3.780000, 51.976544, 0.000000, 1.729151, 0.000000, -0.000079, 0.000000, 0.000000, 1.884579, 0.000000, 999.963024, 196.566050, 0.000000, 1042.987165, 708.526180, 45571.964191
3.790000, 51.976573, 0.000000, 1.729151, 0.000000, -0.000079, 0.000000, 0.000000, 1.884533, 0.000000, 999.962835, 197.086102, 0.000000, 1042.987131, 708.525020, 45571.912630
3.800000, 51.976602, 0.000000, 1.729151, 0.000000, -0.000079, 0.000000, 0.000000, 1.884488, 0.000000, 999.962646, 197.606156, 0.000000, 1042.987097, 708.523857, 45571.860966
3.810000, 51.976631, 0.000000, 1.729151, 0.000000, -0.000079, 0.000000, 0.000000, 1.884443, 0.000000, 999.962456, 198.126209, 0.000000, 1042.987063, 708.522692, 45571.809198
3.820000, 51.976660, 0.000000, 1.729151, 0.000000, -0.000079, 0.000000, 0.000000, 1.884398, 0.000000, 999.962266, 198.646263, 0.000000, 1042.987029, 708.521524, 45571.757328
3.830000, 51.976689, 0.000000, 1.729151, 0.000000, -0.000078, 0.000000, 0.000000, 1.884353, 0.000000, 999.962075, 199.166317, 0.000000, 1042.986995, 708.520355, 45571.705356
3.840000, 51.976718, 0.000000, 1.729151, 0.000000, -0.000078, 0.000000, 0.000000, 1.884308, 0.000000, 999.961884, 199.686372, 0.000000, 1042.986961, 708.519183, 45571.653281
3.850000, 51.976747, 0.000000, 1.729152, 0.000000, -0.000078, 0.000000, 0.000000, 1.884263, 0.000000, 999.961693, 200.206426, 0.000000, 1042.986927, 708.518008, 45571.601105
3.860000, 51.976776, 0.000000, 1.729152, 0.000000, -0.000078, 0.000000, 0.000000, 1.884218, 0.000000, 999.961501, 200.726481, 0.000000, 1042.986893, 708.516832, 45571.548827
3.870000, 51.976806, 0.000000, 1.729152, 0.000000, -0.000078, 0.000000, 0.000000, 1.884173, 0.000000, 999.961308, 201.246537, 0.000000, 1042.986859, 708.515653, 45571.496448
3.880000, 51.976835, 0.000000, 1.729152, 0.000000, -0.000078, 0.000000, 0.000000, 1.884129, 0.000000, 999.961116, 201.766592, 0.000000, 1042.986825, 708.514472, 45571.443969
3.890000, 51.976865, 0.000000, 1.729152, 0.000000, -0.000077, 0.000000, 0.000000, 1.884084, 0.000000, 999.960923, 202.286648, 0.000000, 1042.986791, 708.513288, 45571.391389
3.900000, 51.976894, 0.000000, 1.729152, 0.000000, -0.000077, 0.000000, 0.000000, 1.884040, 0.000000, 999.960729, 202.806704, 0.000000, 1042.986757, 708.512103, 45571.338709
3.910000, 51.976924, 0.000000, 1.729152, 0.000000, -0.000077, 0.000000, 0.000000, 1.883996, 0.000000, 999.960535, 203.326761, 0.000000, 1042.986723, 708.510915, 45571.285930
3.920000, 51.976953, 0.000000, 1.729152, 0.000000, -0.000077, 0.000000, 0.000000, 1.883951, 0.000000, 999.960341, 203.846817, 0.000000, 1042.986689, 708.509725, 45571.233052
3.930000, 51.976983, 0.000000, 1.729153, 0.000000, -0.000077, 0.000000, 0.000000, 1.883907, 0.000000, 999.960147, 204.366874, 0.000000, 1042.986655, 708.508532, 45571.180074
3.940000, 51.977013, 0.000000, 1.729153, 0.000000, -0.000077, 0.000000, 0.000000, 1.883863, 0.000000, 999.959952, 204.886932, 0.000000, 1042.986621, 708.507338, 45571.126998
3.950000, 51.977042, 0.000000, 1.729153, 0.000000, -0.000077, 0.000000, 0.000000, 1.883819, 0.000000, 999.959756, 205.406989, 0.000000, 1042.986587, 708.506141, 45571.073823
3.960000, 51.977072, 0.000000, 1.729153, 0.000000, -0.000076, 0.000000, 0.000000, 1.883775, 0.000000, 999.959560, 205.927047, 0.000000, 1042.986554, 708.504942, 45571.020551
3.970000, 51.977102, 0.000000, 1.729153, 0.000000, -0.000076, 0.000000, 0.000000, 1.883732, 0.000000, 999.959364, 206.447105, 0.000000, 1042.986520, 708.503741, 45570.967181
3.980000, 51.977132, 0.000000, 1.729153, 0.000000, -0.000076, 0.000000, 0.000000, 1.883688, 0.000000, 999.959168, 206.967164, 0.000000, 1042.986486, 708.502538, 45570.913714
3.990000, 51.977162, 0.000000, 1.729153, 0.000000, -0.000076, 0.000000, 0.000000, 1.883644, 0.000000, 999.958971, 207.487223, 0.000000, 1042.986452, 708.501332, 45570.860150
4.000000, 51.977192, 0.000000, 1.729153, 0.000000, -0.000076, 0.000000, 0.000000, 1.883601, 0.000000, 999.958773, 208.007282, 0.000000, 1042.986418, 708.500124, 45570.806490
4.010000, 51.977222, 0.000000, 1.729154, 0.000000, -0.000076, 0.000000, 0.000000, 1.883558, 0.000000, 999.958575, 208.527341, 0.000000, 1042.986384, 708.498915, 45570.752733
4.020000, 51.977253, 0.000000, 1.729154, 0.000000, -0.000075, 0.000000, 0.000000, 1.883514, 0.000000, 999.958377, 209.047401, 0.000000, 1042.986350, 708.497703, 45570.698881
4.030000, 51.977283, 0.000000, 1.729154, 0.000000, -0.000075, 0.000000, 0.000000, 1.883471, 0.000000, 999.958179, 209.567461, 0.000000, 1042.986316, 708.496488, 45570.644933
4.040000, 51.977313, 0.000000, 1.729154, 0.000000, -0.000075, 0.000000, 0.000000, 1.883428, 0.000000, 999.957980, 210.087521, 0.000000, 1042.986282, 708.495272, 45570.590890
4.050000, 51.977343, 0.000000, 1.729154, 0.000000, -0.000075, 0.000000, 0.000000, 1.883385, 0.000000, 999.957781, 210.607582, 0.000000, 1042.986248, 708.494054, 45570.536752
4.060000, 51.977374, 0.000000, 1.729154, 0.000000, -0.000075, 0.000000, 0.000000, 1.883342, 0.000000, 999.957581, 211.127643, 0.000000, 1042.986214, 708.492833, 45570.482520
4.070000, 51.977404, 0.000000, 1.729154, 0.000000, -0.000075, 0.000000, 0.000000, 1.883299, 0.000000, 999.957381, 211.647704, 0.000000, 1042.986180, 708.491610, 45570.428194
4.080000, 51.977435, 0.000000, 1.729154, 0.000000, -0.000074, 0.000000, 0.000000, 1.883256, 0.000000, 999.957180, 212.167766, 0.000000, 1042.986146, 708.490386, 45570.373774
4.090000, 51.977465, 0.000000, 1.729155, 0.000000, -0.000074, 0.000000, 0.000000, 1.883214, 0.000000, 999.956980, 212.687828, 0.000000, 1042.986112, 708.489159, 45570.319261
4.100000, 51.977496, 0.000000, 1.729155, 0.000000, -0.000074, 0.000000, 0.000000, 1.883171, 0.000000, 999.956778, 213.207890, 0.000000, 1042.986078, 708.487930, 45570.264654
4.110000, 51.977526, 0.000000, 1.729155, 0.000000, -0.000074, 0.000000, 0.000000, 1.883129, 0.000000, 999.956577, 213.727952, 0.000000, 1042.986044, 708.486699, 45570.209955
4.120000, 51.977557, 0.000000, 1.729155, 0.000000, -0.000074, 0.000000, 0.000000, 1.883086, 0.000000, 999.956375, 214.248015, 0.000000, 1042.986010, 708.485466, 45570.155164
4.130000, 51.977588, 0.000000, 1.729155, 0.000000, -0.000074, 0.000000, 0.000000, 1.883044, 0.000000, 999.956173, 214.768078, 0.000000, 1042.985976, 708.484230, 45570.100281
4.140000, 51.977619, 0.000000, 1.729155, 0.000000, -0.000073, 0.000000, 0.000000, 1.883002, 0.000000, 999.955970, 215.288142, 0.000000, 1042.985942, 708.482993, 45570.045306
4.150000, 51.977649, 0.000000, 1.729155, 0.000000, -0.000073, 0.000000, 0.000000, 1.882960, 0.000000, 999.955767, 215.808205, 0.000000, 1042.985908, 708.481754, 45569.990240
4.160000, 51.977680, 0.000000, 1.729156, 0.000000, -0.000073, 0.000000, 0.000000, 1.882918, 0.000000, 999.955563, 216.328269, 0.000000, 1042.985875, 708.480512, 45569.935083
4.170000, 51.977711, 0.000000, 1.729156, 0.000000, -0.000073, 0.000000, 0.000000, 1.882876, 0.000000, 999.955360, 216.848334, 0.000000, 1042.985841, 708.479269, 45569.879835
4.180000, 51.977742, 0.000000, 1.729156, 0.000000, -0.000073, 0.000000, 0.000000, 1.882834, 0.000000, 999.955155, 217.368398, 0.000000, 1042.985807, 708.478023, 45569.824498
4.190000, 51.977773, 0.000000, 1.729156, 0.000000, -0.000073, 0.000000, 0.000000, 1.882792, 0.000000, 999.954951, 217.888463, 0.000000, 1042.985773, 708.476776, 45569.769070
4.200000, 51.977804, 0.000000, 1.729156, 0.000000, -0.000072, 0.000000, 0.000000, 1.882751, 0.000000, 999.954746, 218.408528, 0.000000, 1042.985739, 708.475526, 45569.713553
4.210000, 51.977836, 0.000000, 1.729156, 0.000000, -0.000072, 0.000000, 0.000000, 1.882709, 0.000000, 999.954541, 218.928594, 0.000000, 1042.985705, 708.474275, 45569.657947
4.220000, 51.977867, 0.000000, 1.729156, 0.000000, -0.000072, 0.000000, 0.000000, 1.882668, 0.000000, 999.954335, 219.448660, 0.000000, 1042.985671, 708.473022, 45569.602252
4.230000, 51.977898, 0.000000, 1.729156, 0.000000, -0.000072, 0.000000, 0.000000, 1.882626, 0.000000, 999.954129, 219.968726, 0.000000, 1042.985637, 708.471766, 45569.546469
4.240000, 51.977929, 0.000000, 1.729157, 0.000000, -0.000072, 0.000000, 0.000000, 1.882585, 0.000000, 999.953923, 220.488792, 0.000000, 1042.985603, 708.470509, 45569.490597
4.250000, 51.977961, 0.000000, 1.729157, 0.000000, -0.000072, 0.000000, 0.000000, 1.882544, 0.000000, 999.953716, 221.008859, 0.000000, 1042.985569, 708.469249, 45569.434638
4.260000, 51.977992, 0.000000, 1.729157, 0.000000, -0.000071, 0.000000, 0.000000, 1.882503, 0.000000, 999.953509, 221.528926, 0.000000, 1042.985535, 708.467988, 45569.378592
4.270000, 51.978023, 0.000000, 1.729157, 0.000000, -0.000071, 0.000000, 0.000000, 1.882462, 0.000000, 999.953301, 222.048994, 0.000000, 1042.985501, 708.466724, 45569.322458
4.280000, 51.978055, 0.000000, 1.729157, 0.000000, -0.000071, 0.000000, 0.000000, 1.882421, 0.000000, 999.953093, 222.569061, 0.000000, 1042.985467, 708.465459, 45569.266238
4.290000, 51.978086, 0.000000, 1.729157, 0.000000, -0.000071, 0.000000, 0.000000, 1.882380, 0.000000, 999.952885, 223.089129, 0.000000, 1042.985433, 708.464192, 45569.209932
4.300000, 51.978118, 0.000000, 1.729157, 0.000000, -0.000071, 0.000000, 0.000000, 1.882340, 0.000000, 999.952677, 223.609198, 0.000000, 1042.985399, 708.462923, 45569.153539
4.310000, 51.978150, 0.000000, 1.729158, 0.000000, -0.000071, 0.000000, 0.000000, 1.882299, 0.000000, 999.952468, 224.129266, 0.000000, 1042.985365, 708.461652, 45569.097061
4.320000, 51.978181, 0.000000, 1.729158, 0.000000, -0.000070, 0.000000, 0.000000, 1.882259, 0.000000, 999.952258, 224.649335, 0.000000, 1042.985331, 708.460379, 45569.040498
4.330000, 51.978213, 0.000000, 1.729158, 0.000000, -0.000070, 0.000000, 0.000000, 1.882218, 0.000000, 999.952049, 225.169405, 0.000000, 1042.985297, 708.459104, 45568.983850
4.340000, 51.978245, 0.000000, 1.729158, 0.000000, -0.000070, 0.000000, 0.000000, 1.882178, 0.000000, 999.951839, 225.689474, 0.000000, 1042.985263, 708.457827, 45568.927118
4.350000, 51.978277, 0.000000, 1.729158, 0.000000, -0.000070, 0.000000, 0.000000, 1.882138, 0.000000, 999.951628, 226.209544, 0.000000, 1042.985229, 708.456548, 45568.870301
4.360000, 51.978309, 0.000000, 1.729158, 0.000000, -0.000070, 0.000000, 0.000000, 1.882098, 0.000000, 999.951418, 226.729615, 0.000000, 1042.985196, 708.455267, 45568.813401
4.370000, 51.978340, 0.000000, 1.729158, 0.000000, -0.000070, 0.000000, 0.000000, 1.882058, 0.000000, 999.951207, 227.249685, 0.000000, 1042.985162, 708.453985, 45568.756417
4.380000, 51.978372, 0.000000, 1.729159, 0.000000, -0.000069, 0.000000, 0.000000, 1.882018, 0.000000, 999.950995, 227.769756, 0.000000, 1042.985128, 708.452701, 45568.699350
4.390000, 51.978404, 0.000000, 1.729159, 0.000000, -0.000069, 0.000000, 0.000000, 1.881978, 0.000000, 999.950783, 228.289827, 0.000000, 1042.985094, 708.451414, 45568.642201
4.400000, 51.978436, 0.000000, 1.729159, 0.000000, -0.000069, 0.000000, 0.000000, 1.881938, 0.000000, 999.950571, 228.809899, 0.000000, 1042.985060, 708.450126, 45568.584969
4.410000, 51.978469, 0.000000, 1.729159, 0.000000, -0.000069, 0.000000, 0.000000, 1.881899, 0.000000, 999.950359, 229.329971, 0.000000, 1042.985026, 708.448836, 45568.527655
4.420000, 51.978501, 0.000000, 1.729159, 0.000000, -0.000069, 0.000000, 0.000000, 1.881859, 0.000000, 999.950146, 229.850043, 0.000000, 1042.984992, 708.447545, 45568.470259
4.430000, 51.978533, 0.000000, 1.729159, 0.000000, -0.000069, 0.000000, 0.000000, 1.881820, 0.000000, 999.949933, 230.370115, 0.000000, 1042.984958, 708.446251, 45568.412782
4.440000, 51.978565, 0.000000, 1.729159, 0.000000, -0.000068, 0.000000, 0.000000, 1.881781, 0.000000, 999.949719, 230.890188, 0.000000, 1042.984924, 708.444955, 45568.355224
4.450000, 51.978597, 0.000000, 1.729160, 0.000000, -0.000068, 0.000000, 0.000000, 1.881741, 0.000000, 999.949505, 231.410261, 0.000000, 1042.984890, 708.443658, 45568.297586
4.460000, 51.978630, 0.000000, 1.729160, 0.000000, -0.000068, 0.000000, 0.000000, 1.881702, 0.000000, 999.949291, 231.930335, 0.000000, 1042.984856, 708.442359, 45568.239868
4.470000, 51.978662, 0.000000, 1.729160, 0.000000, -0.000068, 0.000000, 0.000000, 1.881663, 0.000000, 999.949077, 232.450409, 0.000000, 1042.984822, 708.441058, 45568.182069
4.480000, 51.978695, 0.000000, 1.729160, 0.000000, -0.000068, 0.000000, 0.000000, 1.881624, 0.000000, 999.948862, 232.970483, 0.000000, 1042.984788, 708.439756, 45568.124191
4.490000, 51.978727, 0.000000, 1.729160, 0.000000, -0.000068, 0.000000, 0.000000, 1.881586, 0.000000, 999.948646, 233.490557, 0.000000, 1042.984754, 708.438451, 45568.066234
4.500000, 51.978759, 0.000000, 1.729160, 0.000000, -0.000067, 0.000000, 0.000000, 1.881547, 0.000000, 999.948431, 234.010632, 0.000000, 1042.984720, 708.437145, 45568.008199
4.510000, 51.978792, 0.000000, 1.729160, 0.000000, -0.000067, 0.000000, 0.000000, 1.881508, 0.000000, 999.948215, 234.530707, 0.000000, 1042.984686, 708.435837, 45567.950085
4.520000, 51.978825, 0.000000, 1.729161, 0.000000, -0.000067, 0.000000, 0.000000, 1.881470, 0.000000, 999.947999, 235.050782, 0.000000, 1042.984652, 708.434528, 45567.891892
4.530000, 51.978857, 0.000000, 1.729161, 0.000000, -0.000067, 0.000000, 0.000000, 1.881431, 0.000000, 999.947782, 235.570858, 0.000000, 1042.984618, 708.433216, 45567.833623
4.540000, 51.978890, 0.000000, 1.729161, 0.000000, -0.000067, 0.000000, 0.000000, 1.881393, 0.000000, 999.947565, 236.090934, 0.000000, 1042.984584, 708.431903, 45567.775276
4.550000, 51.978923, 0.000000, 1.729161, 0.000000, -0.000066, 0.000000, 0.000000, 1.881355, 0.000000, 999.947348, 236.611011, 0.000000, 1042.984551, 708.430588, 45567.716851
4.560000, 51.978955, 0.000000, 1.729161, 0.000000, -0.000066, 0.000000, 0.000000, 1.881317, 0.000000, 999.947130, 237.131087, 0.000000, 1042.984517, 708.429271, 45567.658351
4.570000, 51.978988, 0.000000, 1.729161, 0.000000, -0.000066, 0.000000, 0.000000, 1.881279, 0.000000, 999.946912, 237.651164, 0.000000, 1042.984483, 708.427953, 45567.599774
4.580000, 51.979021, 0.000000, 1.729161, 0.000000, -0.000066, 0.000000, 0.000000, 1.881241, 0.000000, 999.946694, 238.171242, 0.000000, 1042.984449, 708.426633, 45567.541121
4.590000, 51.979054, 0.000000, 1.729162, 0.000000, -0.000066, 0.000000, 0.000000, 1.881203, 0.000000, 999.946475, 238.691319, 0.000000, 1042.984415, 708.425311, 45567.482393
4.600000, 51.979087, 0.000000, 1.729162, 0.000000, -0.000066, 0.000000, 0.000000, 1.881165, 0.000000, 999.946256, 239.211398, 0.000000, 1042.984381, 708.423988, 45567.423590
4.610000, 51.979120, 0.000000, 1.729162, 0.000000, -0.000065, 0.000000, 0.000000, 1.881128, 0.000000, 999.946037, 239.731476, 0.000000, 1042.984347, 708.422663, 45567.364711
4.620000, 51.979153, 0.000000, 1.729162, 0.000000, -0.000065, 0.000000, 0.000000, 1.881090, 0.000000, 999.945817, 240.251555, 0.000000, 1042.984313, 708.421336, 45567.305759
4.630000, 51.979186, 0.000000, 1.729162, 0.000000, -0.000065, 0.000000, 0.000000, 1.881053, 0.000000, 999.945597, 240.771634, 0.000000, 1042.984279, 708.420007, 45567.246732
4.640000, 51.979219, 0.000000, 1.729162, 0.000000, -0.000065, 0.000000, 0.000000, 1.881016, 0.000000, 999.945377, 241.291713, 0.000000, 1042.984245, 708.418677, 45567.187632
4.650000, 51.979252, 0.000000, 1.729162, 0.000000, -0.000065, 0.000000, 0.000000, 1.880978, 0.000000, 999.945156, 241.811793, 0.000000, 1042.984211, 708.417345, 45567.128458
4.660000, 51.979285, 0.000000, 1.729163, 0.000000, -0.000065, 0.000000, 0.000000, 1.880941, 0.000000, 999.944935, 242.331873, 0.000000, 1042.984177, 708.416012, 45567.069212
4.670000, 51.979318, 0.000000, 1.729163, 0.000000, -0.000064, 0.000000, 0.000000, 1.880904, 0.000000, 999.944714, 242.851953, 0.000000, 1042.984143, 708.414677, 45567.009893
4.680000, 51.979352, 0.000000, 1.729163, 0.000000, -0.000064, 0.000000, 0.000000, 1.880868, 0.000000, 999.944492, 243.372034, 0.000000, 1042.984109, 708.413340, 45566.950501
4.690000, 51.979385, 0.000000, 1.729163, 0.000000, -0.000064, 0.000000, 0.000000, 1.880831, 0.000000, 999.944270, 243.892115, 0.000000, 1042.984075, 708.412002, 45566.891038
4.700000, 51.979418, 0.000000, 1.729163, 0.000000, -0.000064, 0.000000, 0.000000, 1.880794, 0.000000, 999.944048, 244.412196, 0.000000, 1042.984041, 708.410662, 45566.831503
4.710000, 51.979452, 0.000000, 1.729163, 0.000000, -0.000064, 0.000000, 0.000000, 1.880758, 0.000000, 999.943826, 244.932278, 0.000000, 1042.984007, 708.409320, 45566.771897
4.720000, 51.979485, 0.000000, 1.729163, 0.000000, -0.000063, 0.000000, 0.000000, 1.880721, 0.000000, 999.943603, 245.452360, 0.000000, 1042.983973, 708.407977, 45566.712221
4.730000, 51.979519, 0.000000, 1.729164, 0.000000, -0.000063, 0.000000, 0.000000, 1.880685, 0.000000, 999.943379, 245.972442, 0.000000, 1042.983939, 708.406633, 45566.652474
4.740000, 51.979552, 0.000000, 1.729164, 0.000000, -0.000063, 0.000000, 0.000000, 1.880648, 0.000000, 999.943156, 246.492525, 0.000000, 1042.983906, 708.405286, 45566.592656
4.750000, 51.979586, 0.000000, 1.729164, 0.000000, -0.000063, 0.000000, 0.000000, 1.880612, 0.000000, 999.942932, 247.012608, 0.000000, 1042.983872, 708.403938, 45566.532770
4.760000, 51.979619, 0.000000, 1.729164, 0.000000, -0.000063, 0.000000, 0.000000, 1.880576, 0.000000, 999.942708, 247.532691, 0.000000, 1042.983838, 708.402589, 45566.472814
4.770000, 51.979653, 0.000000, 1.729164, 0.000000, -0.000063, 0.000000, 0.000000, 1.880540, 0.000000, 999.942483, 248.052775, 0.000000, 1042.983804, 708.401238, 45566.412789
4.780000, 51.979686, 0.000000, 1.729164, 0.000000, -0.000062, 0.000000, 0.000000, 1.880504, 0.000000, 999.942258, 248.572859, 0.000000, 1042.983770, 708.399886, 45566.352695
4.790000, 51.979720, 0.000000, 1.729165, 0.000000, -0.000062, 0.000000, 0.000000, 1.880469, 0.000000, 999.942033, 249.092943, 0.000000, 1042.983736, 708.398532, 45566.292533
4.800000, 51.979754, 0.000000, 1.729165, 0.000000, -0.000062, 0.000000, 0.000000, 1.880433, 0.000000, 999.941808, 249.613028, 0.000000, 1042.983702, 708.397176, 45566.232303
4.810000, 51.979788, 0.000000, 1.729165, 0.000000, -0.000062, 0.000000, 0.000000, 1.880397, 0.000000, 999.941582, 250.133113, 0.000000, 1042.983668, 708.395819, 45566.172006
4.820000, 51.979821, 0.000000, 1.729165, 0.000000, -0.000062, 0.000000, 0.000000, 1.880362, 0.000000, 999.941356, 250.653198, 0.000000, 1042.983634, 708.394460, 45566.111642
4.830000, 51.979855, 0.000000, 1.729165, 0.000000, -0.000061, 0.000000, 0.000000, 1.880327, 0.000000, 999.941130, 251.173284, 0.000000, 1042.983600, 708.393100, 45566.051211
4.840000, 51.979889, 0.000000, 1.729165, 0.000000, -0.000061, 0.000000, 0.000000, 1.880291, 0.000000, 999.940903, 251.693370, 0.000000, 1042.983566, 708.391739, 45565.990713
4.850000, 51.979923, 0.000000, 1.729165, 0.000000, -0.000061, 0.000000, 0.000000, 1.880256, 0.000000, 999.940676, 252.213456, 0.000000, 1042.983532, 708.390375, 45565.930150
4.860000, 51.979957, 0.000000, 1.729166, 0.000000, -0.000061, 0.000000, 0.000000, 1.880221, 0.000000, 999.940449, 252.733543, 0.000000, 1042.983498, 708.389011, 45565.869521
4.870000, 51.979991, 0.000000, 1.729166, 0.000000, -0.000061, 0.000000, 0.000000, 1.880186, 0.000000, 999.940221, 253.253630, 0.000000, 1042.983464, 708.387645, 45565.808826
4.880000, 51.980025, 0.000000, 1.729166, 0.000000, -0.000061, 0.000000, 0.000000, 1.880152, 0.000000, 999.939993, 253.773717, 0.000000, 1042.983430, 708.386277, 45565.748067
4.890000, 51.980059, 0.000000, 1.729166, 0.000000, -0.000060, 0.000000, 0.000000, 1.880117, 0.000000, 999.939765, 254.293805, 0.000000, 1042.983396, 708.384908, 45565.687243
4.900000, 51.980093, 0.000000, 1.729166, 0.000000, -0.000060, 0.000000, 0.000000, 1.880082, 0.000000, 999.939536, 254.813893, 0.000000, 1042.983362, 708.383538, 45565.626355
